0.010325565934181213
0.009644508361816406
0.008015302009880543
0.008381922729313374
0.006651867646723986
0.009423323906958103
0.006313594989478588
0.00855209305882454
0.006553666200488806
0.006734147667884827
0.006770099513232708
0.003732978366315365
0.006452963221818209
0.005321064963936806
0.004572918172925711
0.008845747448503971
0.005385228898376226
0.005423339083790779
0.007062109652906656
0.002790190512314439
0.004940958693623543
0.0054922946728765965
0.005853456445038319
0.003450218588113785
0.0043651387095451355
0.006545050069689751
0.005195232108235359
0.004730836488306522
0.005746516399085522
0.0032332628034055233
0.005361848510801792
0.004685929510742426
0.00520490063354373
0.004156884737312794
0.005202925764024258
0.0033695183228701353
0.00542235653847456
0.004247251432389021
0.004288258031010628
0.0059088533744215965
0.005625737365335226
0.0033417886588722467
0.004784682299941778
0.006260820664465427
0.004636001773178577
0.006239717360585928
0.005061160773038864
0.004381100181490183
0.004918863531202078
0.0036780410446226597
0.00675109913572669
0.007452921476215124
0.005521646235138178
0.0027234922163188457
0.0055226488038897514
0.0021355305798351765
0.00458391522988677
0.006709504872560501
0.005056431051343679
0.004999609664082527
0.005023287143558264
0.00633564917370677
0.005221340339630842
0.004340978804975748
0.005131555255502462
0.0058472431264817715
0.00372636248357594
0.009281852282583714
0.005044557154178619
0.006467464379966259
0.005248668137937784
0.0025311445351690054
0.004155570641160011
0.006012843456119299
0.00558328116312623
0.003101498121395707
0.006294506601989269
0.0029382563661783934
0.004726417362689972
0.00419877003878355
0.004822524730116129
0.006348559632897377
0.004916812758892775
0.0039011030457913876
0.006095410790294409
0.0041101169772446156
0.006325697060674429
0.005705456715077162
0.004583682399243116
0.005173524376004934
0.005222604144364595
0.002403722610324621
0.003938276786357164
0.006178304087370634
0.004755040165036917
0.004072909709066153
0.003672908991575241
0.007118992507457733
0.004665082320570946
0.004217146895825863
0.004115624353289604
0.006135773379355669
0.005619395058602095
0.0027831720653921366
0.005815137177705765
0.004714186303317547
0.004342183005064726
0.0055890753865242004
0.005245117004960775
0.004815652500838041
0.004393529612571001
0.006100505590438843
0.004774071276187897
0.004125996958464384
0.004698591306805611
0.004030789248645306
0.004346370231360197
0.005001524928957224
0.004183321725577116
0.005609607789665461
0.00402597151696682
0.005499819293618202
0.0038474402390420437
0.006295693572610617
0.005444718059152365
0.0026008530985563993
0.0053711519576609135
0.003272831905633211
0.005340137053281069
0.002069368027150631
0.0038638075347989798
0.007408527657389641
0.003950287587940693
0.006474411115050316
0.005258444231003523
0.002844961127266288
0.004362125415354967
0.007196386344730854
0.004393321927636862
0.006100020371377468
0.005389581900089979
0.0035407203249633312
0.0063814749009907246
0.005436910782009363
0.0058180359192192554
0.004371658433228731
0.00485676433891058
0.0037638042122125626
0.004985642619431019
0.004813583567738533
0.004616373684257269
0.005096078850328922
0.005415441934019327
0.003148462390527129
0.003739085514098406
0.008052024058997631
0.0045696343295276165
0.00406654505059123
0.006014002952724695
0.0017928376328200102
0.004392885137349367
0.004974924027919769
0.005038245115429163
0.003730589058250189
0.004045180510729551
0.00785222090780735
0.0057760002091526985
0.003832331160083413
0.004721673205494881
0.006189100444316864
0.005456498358398676
0.0021744719706475735
0.004755939356982708
0.004518155939877033
0.004751438274979591
0.0038408013060688972
0.004719107411801815
0.00371261197142303
0.004323637578636408
0.006213406100869179
0.005512785632163286
0.004388032481074333
0.004803616553544998
0.003593277418985963
0.005915660411119461
0.006745288614183664
0.004583688452839851
0.006204598117619753
0.003896651091054082
0.007923428900539875
0.004658582620322704
0.005502056796103716
0.004142614081501961
0.009444097988307476
0.0052647218108177185
0.00234010792337358
0.004810805432498455
0.004086954984813929
0.004425462801009417
0.005010609049350023
0.0041947332210838795
0.005641946569085121
0.005023503210395575
0.003496014978736639
0.00488267932087183
0.004635356832295656
0.005315215792506933
0.0028346567414700985
0.005228067748248577
0.0026409351266920567
0.0044405837543308735
0.005002209916710854
0.004627610091120005
0.003871258581057191
0.005793686956167221
0.0022405481431633234
0.003947288729250431
0.005796849261969328
0.004778944421559572
0.005398602690547705
0.00425337627530098
0.005238979589194059
0.005135917104780674
0.0032231351360678673
0.003536488162353635
0.007828415371477604
0.004915985278785229
0.00415410241112113
0.0046529993414878845
0.0069615948013961315
0.004755746107548475
0.003901274176314473
0.00425292830914259
0.004920977633446455
0.004239168483763933
0.007952411659061909
0.00486226100474596
0.003268212778493762
0.0055452813394367695
0.002542629837989807
0.004091802518814802
0.005578068550676107
0.004335945937782526
0.005312799010425806
0.005282408557832241
0.003134635742753744
0.0030828046146780252
0.009064188227057457
0.005006483290344477
0.003452756442129612
0.005371680483222008
0.0025194084737449884
0.004214880988001823
0.005434528924524784
0.004706175532191992
0.003580266609787941
0.0045081572607159615
0.004282158799469471
0.004396309144794941
0.0069431038573384285
0.00512611074373126
0.0036907552275806665
0.004417911171913147
0.003973569720983505
0.005859472788870335
0.0021228499244898558
0.003744736546650529
0.00672055734321475
0.004090968985110521
0.007001332473009825
0.005270469002425671
0.002347790403291583
0.004763349425047636
0.0034937418531626463
0.004826572258025408
0.0035061959642916918
0.00405135378241539
0.006816941313445568
0.00480674859136343
0.003933409228920937
0.004908841568976641
0.0036975336261093616
0.004887609276920557
0.0034528884571045637
0.004530731588602066
0.005307317245751619
0.004997445736080408
0.003514156909659505
0.004645097069442272
0.003964295610785484
0.005009241867810488
0.0024309284053742886
0.00416414113715291
0.006470294203609228
0.004213887732475996
0.005427868105471134
0.005608517676591873
0.002331498311832547
0.004503624048084021
0.004791593179106712
0.005015476606786251
0.0025905517395585775
0.005196711979806423
0.002421925077214837
0.004935035016387701
0.004203215707093477
0.004259605426341295
0.005365797784179449
0.004746329039335251
0.0032579395920038223
0.004059322644025087
0.0067514837719500065
0.005035418551415205
0.003478516824543476
0.004849559627473354
0.003589494153857231
0.0036251344718039036
0.007168537471443415
0.004161580465734005
0.005166998133063316
0.004339881706982851
0.00493769533932209
0.004314122721552849
0.005253134295344353
0.005374250467866659
0.0036416384391486645
0.004277258645743132
0.007481867913156748
0.004257817752659321
0.005581337492913008
0.00488222436979413
0.004058288875967264
0.005097508430480957
0.003221337916329503
0.004948813002556562
0.003939650021493435
0.005499876569956541
0.0034201855305582285
0.004054003860801458
0.005285078659653664
0.0050629545003175735
0.0035493168979883194
0.004369109869003296
0.005750029347836971
0.004367260728031397
0.005110481288284063
0.004505849443376064
0.004909826908260584
0.004987236578017473
0.0025189360603690147
0.00427138339728117
0.004877083469182253
0.004686808213591576
0.006611640565097332
0.004326881840825081
0.006976991891860962
0.0043774815276265144
0.0050882333889603615
0.0051184967160224915
0.0036120072472840548
0.005362204276025295
0.0020035812631249428
0.004286283161491156
0.005087583791464567
0.004607997369021177
0.005608364008367062
0.004435789305716753
0.005441022105515003
0.004483815282583237
0.004222474060952663
0.005178732797503471
0.002320096595212817
0.005138300359249115
0.002694471972063184
0.004579808097332716
0.00543173449113965
0.004374939016997814
0.004897059872746468
0.004085454158484936
0.005719950422644615
0.005212679971009493
0.004323917906731367
0.0046815890818834305
0.0043042986653745174
0.005101639777421951
0.0044809142127633095
0.003806734923273325
0.006995792035013437
0.004788780584931374
0.0031338983681052923
0.00418070238083601
0.0045453463681042194
0.004865391179919243
0.004276955965906382
0.003820405574515462
0.0065047102980315685
0.005551528185606003
0.003737811930477619
0.00391677301377058
0.006436778698116541
0.005548232235014439
0.003709435695782304
0.004365726374089718
0.0058157420717179775
0.004885045345872641
0.004847468808293343
0.004205209203064442
0.005187744274735451
0.004331749863922596
0.004677177872508764
0.005715841893106699
0.0021777483634650707
0.005311937537044287
0.00416336115449667
0.004121730104088783
0.004977928940206766
0.004227255005389452
0.0055087292566895485
0.004850373137742281
0.004546500276774168
0.005196854937821627
0.0023636140394955873
0.004984411410987377
0.0070506855845451355
0.004332327749580145
0.005338581744581461
0.005101863294839859
0.005427464377135038
0.003989150747656822
0.005819015670567751
0.005861749406903982
0.004731626249849796
0.004639578517526388
0.0040347035974264145
0.004235962405800819
0.006195434369146824
0.004690039902925491
0.004292519763112068
0.005180817563086748
0.0031554927118122578
0.004698200151324272
0.0033905603922903538
0.004896264988929033
0.0035353589337319136
0.004246235825121403
0.0053555010817945
0.0047719706781208515
0.004785287659615278
0.003640014911070466
0.006925028748810291
0.005771222058683634
0.0025058959145098925
0.004149844869971275
0.00519533921033144
0.0048026409931480885
0.004473873879760504
0.004630970768630505
0.0036965932231396437
0.004598338156938553
0.0037256942596286535
0.004686002153903246
0.006814812775701284
0.004501774441450834
0.004391881637275219
0.004068390931934118
0.006233960390090942
0.0046922992914915085
0.003200497245416045
0.0045481459237635136
0.005024294834583998
0.004754815716296434
0.005723645910620689
0.004778205882757902
0.0032871966250240803
0.005125002469867468
0.002514197491109371
0.0056658280082046986
0.005268707871437073
0.005248223897069693
0.0033978719729930162
0.0038982820697128773
0.0062414612621068954
0.006616588681936264
0.004019276704639196
0.004388675093650818
0.008848805911839008
0.004953818395733833
0.003603739431127906
0.005685762036591768
0.005344200413674116
0.004428273998200893
0.004389740992337465
0.004183546174317598
0.00591514864936471
0.004944175481796265
0.0034162066876888275
0.004379383288323879
0.005420105066150427
0.005987524054944515
0.0023654522374272346
0.004191865678876638
0.005453212186694145
0.0048870062455534935
0.003313647583127022
0.003518392564728856
0.0070133027620613575
0.004575185477733612
0.006242230534553528
0.004130137152969837
0.005263708997517824
0.004774948116391897
0.003421965055167675
0.004457662347704172
0.004392362665385008
0.004593579564243555
0.0036280162166804075
0.004572963807731867
0.003952882252633572
0.004694777075201273
0.00342406053096056
0.005357826128602028
0.0023371349088847637
0.004126319196075201
0.005033227149397135
0.00489699887111783
0.003784856293350458
0.003496292745694518
0.0072588021866977215
0.0051177870482206345
0.0055741784162819386
0.0047851684503257275
0.0036916753742843866
0.0039970106445252895
0.005362341646105051
0.004645308945327997
0.0034143864177167416
0.004096548072993755
0.004844509996473789
0.004715863615274429
0.003611187683418393
0.004781822208315134
0.004088274668902159
0.004503510892391205
0.004276925232261419
0.004617014434188604
0.006400639191269875
0.005735460203140974
0.0051994831301271915
0.004308021627366543
0.0054380944930016994
0.004133700393140316
0.005160217173397541
0.005246590357273817
0.0019201711984351277
0.005176095757633448
0.0037025660276412964
0.004856640938669443
0.00402132049202919
0.004882615525275469
0.0027593940030783415
0.004342549946159124
0.004940387327224016
0.004683138802647591
0.0038182472344487906
0.004313185811042786
0.006261984817683697
0.004504567477852106
0.005082013085484505
0.004309935960918665
0.005758172832429409
0.005134688224643469
0.0019043533829972148
0.004604736343026161
0.003477145917713642
0.0044399104081094265
0.004218991845846176
0.004656829405575991
0.0035083191469311714
0.004970821086317301
0.004045102279633284
0.003242047503590584
0.007999701425433159
0.003811111906543374
0.005923645570874214
0.004428085871040821
0.005058078560978174
0.004061457235366106
0.0052903336472809315
0.00518470024690032
0.0021471709478646517
0.005165726877748966
0.004712938331067562
0.003843624610453844
0.005967016331851482
0.005304588470607996
0.004002734087407589
0.00561043806374073
0.004449768923223019
0.005145055241882801
0.003268137574195862
