0.02814660775475204
0.007976806443184613
0.006467141513712704
0.00604962226934731
0.005801343987695873
0.005857051629573107
0.0052669949713163074
0.005144844343885779
0.004864435968920588
0.0050560284755192695
0.004710273316595704
0.00464080577949062
0.004670355503913015
0.0042445287690497935
0.004248195583932102
0.004208937694784254
0.004111638513859361
0.0043931431369856
0.004140910203568637
0.004083386936690659
0.0040847873431630434
0.004145899729337543
0.004019757686182857
0.004136200051289052
0.004244886932428926
0.0046516168164089326
0.004444033093750477
0.004242242872714996
0.0040498967398889365
0.003955533215776086
0.004255964932963252
0.004037243942730129
0.0038768429309129714
0.004033301980234683
0.004127253999467939
0.004075043054763227
0.0040498590213246645
0.0038817455992102624
0.003891913313418627
0.0040069690207019445
0.003950532164890319
0.003898379486054182
0.004099246137775481
0.003914422763045877
0.003944227728061378
0.0038735597510822116
0.004036267136689276
0.004013346426654607
0.0038843808695673944
0.004081536864396185
0.003987017122562974
0.0039881888777017595
0.004052006546407938
0.004063132905866951
0.004138354153838009
0.004171374393627048
0.0038312681368552147
0.004083529207855463
0.004071526590269059
0.00431112612131983
0.004141183127649129
0.004047201666980982
0.0040148332598619165
0.003990070277359337
0.0038677477976307275
0.0038768862490542234
0.003961773461196571
0.004188286804128439
0.003907757857814431
0.004062173480633646
0.003966019349172711
0.0038971884991042317
0.004272917378693819
0.004023834993131459
0.003872912423685193
0.003968497458845377
0.0039059734903275968
0.003922291798517108
0.0038761535077355804
0.003835093358065933
0.003843111032620072
0.004102344531565905
0.003847440460231155
0.0038357880199328064
0.003889536450151354
0.0038667876739054917
0.004140497057233006
0.0041211303789168595
0.003957828879356385
0.003805600688792765
0.0037245436222292485
0.003968530020210892
0.006288745463825763
0.00427342284237966
0.004034857789520174
0.0038577776751480995
0.003892310394439846
0.00399253306677565
0.0038795972825028
0.00383833940140903
0.003939628298394382
0.004067014809697867
0.0038743493030779065
0.003809850721154362
0.0038846757728606463
0.0038910210016183553
0.00390610407339409
0.0038405577302910387
0.0037955524399876594
0.003901378356385976
0.003867427306249738
0.003830426593776792
0.0037922164134215563
0.003845034074038267
0.0038684103172272446
0.003917209419887513
0.003782564401626587
0.003911535500083119
0.003813048033043742
0.0038208110956475137
0.0037582517950795593
0.003801530820783228
0.003806998545769602
0.0038582386914640665
0.003809128748252988
0.003916919161565602
0.003906304645352065
0.0038373801973648368
0.003843146935105324
0.003767147462349385
0.003800878336187452
0.0037360884132795038
0.0038833354134112596
0.0037880271091125907
0.0037834272952750325
0.0038887035450898113
0.003849122964311391
0.0038054377073422074
0.003845807653851807
0.003952095261774957
0.003882534266449511
0.004163246497046203
0.003843419172335416
0.003821922687347978
0.003825085808057338
0.0038389863446354868
0.003791855811141431
0.003789435455109924
0.003914495569188148
0.003978716360870748
0.003830165951512754
0.0038411461864598095
0.0038214898901060223
0.0038009244482964276
0.003801287536043674
0.0037820176919922234
0.003790091222617775
0.0038057584315538406
0.0038407919579185545
0.0038401079247705637
0.0038075686316005886
0.0037548962398432197
0.0037947403150610627
0.0038014035089872777
0.003994210413657129
0.0038546919706277548
0.0038549277232959867
0.003773214446846396
0.0037319419207051396
0.003813794138841331
0.0038538223947398365
0.0037929649464786054
0.004126305074896664
0.0037682453519664707
0.0038451631087809803
0.0038784074946306645
0.0037787977023981513
0.0039029012783430516
0.003900227276608348
0.0037832735572010277
0.003764094749931246
0.0037755063502117993
0.003947618976235389
0.003789503301959485
0.0038248456665314736
0.004010442725848407
0.003894342842977494
0.0037751607364043594
0.0038149112486280503
0.003833935910370201
0.0038763609481975436
0.0038599718012847007
0.0037801600992679596
0.003823434526566416
0.0037093026679940523
0.0038337452337145806
0.004091088904533535
0.003797948337160051
0.003718429268337786
0.003775852208491415
0.003755974874366075
0.003844118502456695
0.0038675881223753095
0.003874006087426096
0.0038491452811285853
0.003841255756560713
0.00384224196895957
0.003923952265176922
0.0038225388154387472
0.0037209281697869303
0.0037731202552095055
0.0038299430278129877
0.003833364404272288
0.0037400771863758562
0.003887176117859781
0.0038592253462411464
0.0038160576950758696
0.0037933857762254774
0.0037159953557420523
0.003743287466932088
0.0037678235908970236
0.0037658197921700775
0.0037882324890233577
0.003728648810647428
0.003974696842487901
0.0038793478976003825
0.003794046968687326
0.003771077038254589
0.003724645159672946
0.0036995798465795813
0.0036803626106120648
0.003857913229148835
0.00382112538209185
0.0038007402676157654
0.003811037784907967
0.004015531111508608
0.003923580737318843
0.0037280490912962707
0.0038422618177719413
0.003902480669785291
0.003802744299173355
0.003792976529803127
0.004149217216763645
0.003920660610310734
0.0037520330282859505
0.003861214022617787
0.003791950480081141
0.0037778713623993097
0.00370871692430228
0.003664484177716076
0.00377563601359725
0.003916905855294317
0.00380569314584136
0.003778009081725031
0.0038911700365133585
0.003916220692917705
0.0037578179384581746
0.0036802188376896085
0.003746485069859773
0.004343291686382145
0.003770927886944264
0.003692579863127321
0.003721613856032491
0.0037335094180889427
0.0036733537446707485
0.003897753031924367
0.003682797867804766
0.003930602257605642
0.0038411687477491797
0.0038096356322057543
0.0037137720733880996
0.003707073163241148
0.003921639278996736
0.003968693467322737
0.0039930789498612285
0.0038646879489533602
0.003806646738667041
0.003784113610163331
0.003986088337842375
0.00383134544827044
0.003807425533886999
0.003783329052384943
0.0037243721424601974
0.0037235990166664124
0.0037540826480835674
0.0037729488802142443
0.0037885077064856885
0.003815031354315579
0.0036876245867460966
0.003727543150307611
0.0037035739398561416
0.003751623188145459
0.0037455672048963607
0.0037835166906006633
0.0037215476157143714
0.0036533524864353238
0.0040862115449272094
0.0037221508799120786
0.003718139324337244
0.0037095888750627638
