188.44305267333985
146.4612190246582
109.69342422485352
78.60085334777833
53.203084564208986
33.47374906539917
19.39922637939453
10.878626537322997
6.446148443222046
4.866067051887512
4.292531275749207
3.892534410953522
3.546393597126007
3.2241347074508666
2.920972800254822
2.6352040767669678
2.366289496421814
2.113972228765488
1.878842443227768
1.6610543191432954
1.4608416557312012
1.2780041694641113
1.111415821313858
0.9616559088230133
0.8285516738891602
0.7111155033111572
0.6104463249444961
0.5261268436908721
0.4578682124614716
0.4071728378534317
0.37329516261816026
0.3552908807992935
0.35126834362745285
0.3509898394346237
0.35026453137397767
0.35044359117746354
0.35047983527183535
0.3505691185593605
0.35016600638628004
0.3507297933101654
0.3502210766077042
0.3503896430134773
0.3505437344312668
0.3501597508788109
0.35040231198072436
0.35048318207263945
0.3503169357776642
0.3502244487404823
0.35068020075559614
0.3500783383846283
0.350532303750515
0.3504772111773491
0.3501892566680908
0.35040872246026994
0.35042320787906645
0.3502963349223137
0.3500891849398613
0.3506986439228058
0.35025845766067504
0.3503042936325073
0.3502949357032776
0.3502716585993767
0.35029973834753036
0.3504847794771194
0.3501900315284729
0.35039479583501815
0.3505312383174896
0.3499836400151253
0.3504381522536278
0.35036899000406263
0.3501305177807808
0.350461383163929
0.3503111630678177
0.35027490854263305
0.3499913215637207
0.3508343532681465
0.3500169709324837
0.3504002198576927
0.3501589298248291
0.35049870908260344
0.3500757247209549
0.3504680126905441
0.35025871098041533
0.3502561837434769
0.35053318440914155
0.35008002668619154
0.35041763037443163
0.3503171235322952
0.3501848965883255
0.3502290576696396
0.350492487847805
0.35008533447980883
0.35024574398994446
0.3504915043711662
0.3501626938581467
0.3501736283302307
0.3503929927945137
0.3502447918057442
0.35003865212202073
0.3505168095231056
0.3502221152186394
0.3501004189252853
0.3504560098052025
0.3501205906271935
0.35022498220205306
0.3504157781600952
0.3501517906785011
0.3503303125500679
0.35029916763305663
0.3501505121588707
0.35013526380062104
0.3505901724100113
0.34997883886098863
0.3503289520740509
0.3503511264920235
0.3501511409878731
0.34998911470174787
0.3507173001766205
0.3501107856631279
0.35017264932394027
0.35051935315132143
0.35017905533313753
0.3500648200511932
0.35052291452884676
0.35004198998212815
0.35026413649320604
0.35042173266410825
0.3501157984137535
0.35028116106987
0.3504057973623276
0.35011016875505446
0.35029237121343615
0.3503415659070015
0.3500399500131607
0.3502820089459419
0.3503158316016197
0.35036356151103976
0.35005418211221695
0.3506204575300217
0.349968358874321
0.35025337934494016
0.35052781403064726
0.35003487318754195
0.3502787083387375
0.35024674236774445
0.35026918053627015
0.35003930181264875
0.3505662754178047
0.3500190690159798
0.35047841221094134
0.3501569524407387
0.3501390129327774
0.35024333000183105
0.3503666684031487
0.35009440034627914
0.35031938552856445
0.350405153632164
0.35009566843509676
0.350150828063488
0.3504706919193268
0.350095771253109
0.3502248227596283
0.35027423650026324
0.3502861574292183
0.35000153332948686
0.3505410850048065
0.34993201196193696
0.350388677418232
0.3501493588089943
0.35019923746585846
0.3502765238285065
0.3502496644854546
0.35024840831756593
0.35008151829242706
0.35058896988630295
0.3499184653162956
0.3503054201602936
0.350304114818573
0.35021727383136747
0.35002052783966064
0.35048949867486956
0.35008676052093507
0.3500700920820236
0.3505782842636108
0.3500765472650528
0.3503218427300453
0.35007805079221727
0.35028315186500547
0.3500233992934227
0.3504743278026581
0.3500799983739853
0.35028826296329496
0.35029011517763137
0.3501138806343079
0.35016197711229324
0.3504086688160896
0.35010914504528046
0.3501570984721184
0.35050578266382215
0.35004322826862333
0.3499104782938957
0.35073177218437196
0.3499358266592026
0.350199493765831
0.3502905160188675
0.35023089349269865
0.35012130737304686
0.3503074929118156
0.3501825645565987
0.350235341489315
0.35032144784927366
0.3500154122710228
0.35019824653863907
0.35035852789878846
0.3501070111989975
0.35010707676410674
0.35048784911632536
0.3499100759625435
0.3502150624990463
0.35048830360174177
0.34998526722192763
0.3501006007194519
0.35044191777706146
0.349976921081543
0.3501016914844513
0.3504102498292923
0.3501755014061928
0.3501929983496666
0.35027476102113725
0.3501147910952568
0.3501759648323059
0.35037857592105864
0.34999369978904726
0.35039555430412295
0.35010950118303297
0.3502329006791115
0.3499986186623573
0.35058932900428774
0.34988442361354827
0.350382599234581
0.35033851116895676
0.3499732628464699
0.35010445266962054
0.3504303604364395
0.350120347738266
0.3501139760017395
0.35042314380407336
0.3500651210546494
0.35015605539083483
0.3502585843205452
0.3502553656697273
0.35018533021211623
0.35021710097789766
0.3502146273851395
0.35004541724920274
0.35050778537988664
0.34994677305221555
0.3502934291958809
0.35025727152824404
0.3500552996993065
0.35026069581508634
0.35033581107854844
0.3501551911234856
0.3500736430287361
0.3505162611603737
0.3499461695551872
0.3502180382609367
0.35027059316635134
0.35013934671878816
0.35014738291502
0.35016120970249176
0.3502946808934212
0.34994121044874194
0.35056215822696685
0.3500011473894119
0.35030546337366103
0.3501485586166382
0.3501324325799942
0.34995466470718384
0.3505689978599548
0.34994398802518845
0.3502177491784096
0.35050550997257235
0.34990310966968535
0.3502026483416557
0.35036257803440096
0.35010273307561873
0.3500502198934555
0.35041793435811996
0.35012833774089813
0.34992972314357756
0.3504849910736084
0.350100539624691
0.3502004310488701
0.35015886276960373
0.3501374214887619
0.3501580834388733
0.3504149287939072
0.3499204322695732
0.3501168072223663
