675.8446258544922
628.9370498657227
618.3413269042969
615.4009338378906
614.1368209838868
613.3537887573242
612.7915130615235
612.4058471679688
612.150032043457
611.9818572998047
611.8575592041016
611.7662384033204
611.6953018188476
611.6370742797851
611.5889953613281
611.548681640625
611.513996887207
611.4828430175781
611.4551391601562
611.4306777954101
611.4079605102539
611.3854202270508
611.3635848999023
611.3446166992187
611.3278121948242
611.3124938964844
611.2984802246094
611.2855422973632
611.2732711791992
611.2616790771484
611.2505599975586
611.2394332885742
611.2279479980468
611.2181274414063
611.208772277832
611.2000946044922
611.1918853759765
611.1838607788086
611.176173400879
611.1688446044922
611.1618606567383
611.1551193237304
611.1486129760742
611.1423904418946
611.1363403320313
611.1303054809571
611.1245056152344
611.1189819335938
611.1136474609375
611.1084976196289
611.1035034179688
611.0985977172852
611.0938751220704
611.0892776489258
611.0847290039062
611.0803161621094
611.0759841918946
611.0716995239258
611.0675613403321
611.0635177612305
611.0596359252929
611.0555999755859
611.0517593383789
611.0479522705078
611.0443008422851
611.0406723022461
611.0370712280273
611.0340438842774
611.031330871582
611.0285552978515
611.0259475708008
611.0233856201172
611.0207992553711
611.0184341430664
611.0158798217774
611.0135269165039
611.0111221313476
611.0088256835937
611.0065246582031
611.0042098999023
611.0020919799805
610.999951171875
610.9978210449219
610.9957412719726
610.9938339233398
610.9918212890625
610.9898986816406
610.9879531860352
610.9861480712891
610.9843353271484
610.9825378417969
610.980842590332
610.9791229248046
610.9775039672852
610.9758926391602
610.974235534668
610.9726913452148
610.9711563110352
610.969645690918
610.9681549072266
610.9669647216797
610.965542602539
610.9639877319336
610.9625885009766
610.961279296875
610.9599884033203
610.9587127685547
610.9574630737304
610.9562316894531
610.9550537109375
610.9538635253906
610.9527526855469
610.9516952514648
610.9505508422851
610.949496459961
610.948486328125
610.9474594116211
610.9464675903321
610.9454940795898
610.9446182250977
610.9443588256836
610.9442367553711
610.9440933227539
610.943978881836
610.9438613891601
610.9437835693359
610.9436813354492
610.9435455322266
610.9434997558594
610.9434051513672
610.9432968139648
610.9431991577148
610.9431137084961
610.9430221557617
610.9429702758789
610.9428024291992
610.942758178711
610.9426910400391
610.9425918579102
610.9425079345704
610.9424407958984
610.942414855957
610.9423034667968
610.942251586914
610.9421920776367
610.9421188354493
610.9420532226562
610.9419769287109
610.9419372558593
610.9418563842773
610.9418701171875
610.941748046875
610.9417160034179
610.9416427612305
610.9416091918945
610.9415298461914
610.9414581298828
610.9414199829101
610.941374206543
610.9413452148438
610.9413009643555
610.941259765625
610.9412109375
610.9411178588867
610.9411010742188
610.941064453125
610.9410186767578
610.9409759521484
610.9409164428711
610.9408676147461
610.9408172607422
610.9408126831055
610.9407501220703
610.9407028198242
610.9406951904297
610.9406463623047
610.9406066894531
610.9405471801758
610.9405166625977
610.9404922485352
610.9404663085937
610.9404281616211
610.9404098510743
610.9403411865235
610.9403030395508
610.9402770996094
610.9402893066406
610.9402145385742
610.9401718139649
610.9401489257813
610.9401443481445
610.9401077270508
610.9400680541992
610.9400344848633
610.9400436401368
610.9400009155273
610.9399795532227
610.939924621582
610.9399185180664
610.9398498535156
610.9398361206055
610.939811706543
610.9397857666015
610.9397888183594
610.9397827148438
610.9397201538086
610.9396850585938
610.9396347045898
610.9396484375
610.9396209716797
610.939582824707
610.9395568847656
610.9395263671875
610.9395202636719
610.9395080566406
610.9395080566406
610.9394821166992
610.9394668579101
610.9394134521484
610.9393890380859
610.9393966674804
610.9393676757812
610.9393478393555
610.939289855957
610.9393173217774
610.9392471313477
610.9392501831055
610.9392547607422
610.9392379760742
610.9392166137695
610.9391708374023
610.9391830444335
610.9391815185547
610.9391311645508
610.9391159057617
610.9390838623046
610.9390716552734
610.9390594482422
610.939045715332
610.9390060424805
610.9390045166016
610.9389907836915
610.9389953613281
610.93896484375
610.9389404296875
610.9389053344727
610.9388656616211
610.9388610839844
610.9388656616211
610.9388442993164
610.9388137817383
610.9387954711914
610.938801574707
610.938752746582
610.938752746582
610.9387649536133
610.9387496948242
610.9387390136719
610.938720703125
610.9386978149414
610.9386810302734
610.9386657714844
610.9386825561523
610.9386276245117
610.9386260986328
610.9386138916016
610.9385971069336
610.938591003418
610.9385360717773
610.9385299682617
610.938557434082
610.9385269165039
610.9385070800781
610.9384948730469
610.9384613037109
610.9384490966797
610.9384735107421
610.9384140014648
610.938395690918
610.9384063720703
610.9384048461914
610.9383941650391
610.9383697509766
610.9383590698242
610.9383178710938
610.9383346557618
610.9382980346679
610.9382873535156
610.9382965087891
610.9382568359375
610.9382553100586
610.9382568359375
610.9382522583007
610.9382354736329
610.9381866455078
610.9382034301758
610.9381637573242
610.9381484985352
610.9381820678711
610.9381500244141
