0.039378292858600616
0.039461079984903336
0.03917604684829712
0.03924974799156189
0.03882046416401863
0.03941028192639351
0.03867177292704582
0.038268059492111206
0.037882547825574875
0.03784346580505371
0.03699466213583946
0.036044660955667496
0.03507194668054581
0.035039063543081284
0.0332162082195282
0.03283896669745445
0.03146941214799881
0.031638745218515396
0.0303207915276289
0.030500605702400208
0.029679398983716965
0.029223177582025528
0.02898585982620716
0.02876192517578602
0.02844220958650112
0.028091663494706154
0.0279813464730978
0.02779426984488964
0.027664724737405777
0.02714555151760578
0.02726047858595848
0.02693299762904644
0.026632849127054214
0.0272838082164526
0.026462368667125702
0.026250775903463364
0.025988321751356125
0.026097659021615982
0.02519894391298294
0.026760051026940346
0.025007596239447594
0.025612832978367805
0.02451995760202408
0.024929532781243324
0.02418130449950695
0.024039555341005325
0.023777363821864128
0.023442693054676056
0.02330133132636547
0.02297983504831791
0.023084023967385292
0.022490663453936577
0.0226131621748209
0.02223554439842701
0.022115014493465424
0.022672386839985847
0.021941719576716423
0.021807828918099403
0.02156076394021511
0.021912191063165665
0.021273156628012657
0.021616347134113312
0.021061519160866737
0.02086872234940529
0.020753752440214157
0.020586803555488586
0.020405447110533714
0.020468629896640778
0.020012669265270233
0.020413551479578018
0.01965799368917942
0.020010050386190414
0.019372891634702682
0.019269270822405815
0.019153909757733345
0.01918513886630535
0.018964722752571106
0.018784744665026665
0.018719693645834923
0.01832067035138607
0.01849832944571972
0.0181301049888134
0.01817755587399006
0.018319308757781982
0.017895905300974846
0.01819619908928871
0.01784350350499153
0.017455320805311203
0.017653601244091988
0.01763218268752098
0.01765184849500656
0.017558030784130096
0.017230834811925888
0.01760300062596798
0.01735445111989975
0.017298879101872444
0.017128771170973778
0.017169786617159843
0.017208809033036232
0.016724489629268646
0.017131714150309563
0.016915911808609962
0.01678948849439621
0.01670975051820278
0.016796262934803963
0.01723909005522728
0.01685265637934208
0.01709146797657013
0.01679973676800728
0.01654251664876938
0.016781292855739594
0.016610417515039444
0.016665423288941383
0.016514210030436516
0.016561513766646385
0.016273289918899536
0.016415104269981384
0.016518671065568924
0.016606267541646957
0.016415080055594444
0.01649121381342411
0.016357213258743286
0.016552630811929703
0.01611711084842682
0.016248665750026703
0.01629352942109108
0.016448069363832474
0.015949122607707977
0.016211189329624176
0.016825726255774498
0.01636369526386261
0.01610536128282547
0.016117556020617485
0.016353849321603775
0.016021063551306725
0.015988174825906754
0.015861211344599724
0.0165012925863266
0.016071278601884842
0.016398996114730835
0.01594862900674343
0.01580810546875
0.015928134322166443
0.015849106013774872
0.01586204767227173
0.015994032844901085
0.015806496143341064
0.016083557158708572
0.015664473176002502
0.015603141859173775
0.015648994594812393
0.015975788235664368
0.015637006610631943
0.01596710830926895
0.015424922108650208
0.015411130152642727
0.015401835553348064
0.015830375254154205
0.01555102039128542
0.01524879690259695
0.01549918670207262
0.015314172022044659
0.01520220935344696
0.01503558550029993
0.015207204036414623
0.015320085920393467
0.015157325193285942
0.015305287204682827
0.01519835740327835
0.015082268975675106
0.01502303034067154
0.015319096855819225
0.015024542808532715
0.014969872310757637
0.015009849332273006
0.014954399317502975
0.014991343021392822
0.015091363340616226
0.014904839918017387
0.015053262934088707
0.01482990849763155
0.015075256116688251
0.014762229286134243
0.01497164648026228
0.01474815420806408
0.014695004560053349
0.01465557049959898
0.015088681131601334
0.014780860394239426
0.014871275052428246
0.014893297106027603
0.014790577813982964
0.01464756578207016
0.014643615111708641
0.014907133765518665
0.014411560259759426
0.014825260266661644
0.014472795650362968
0.014662886038422585
0.014655121602118015
0.014661455526947975
0.014662791974842548
0.014761688187718391
0.014811673201620579
0.014567944221198559
0.014536850154399872
0.014649148099124432
0.014888892881572247
0.014738611876964569
0.014699387364089489
0.01460463646799326
0.01433657482266426
0.014663652516901493
0.014724687673151493
0.014655783772468567
0.014245264232158661
0.01444991584867239
0.014582304283976555
0.014577067457139492
0.014718879945576191
0.014510301873087883
0.014641656540334225
0.014593241736292839
0.014630105346441269
0.014542272314429283
0.014557558111846447
0.01445353589951992
0.014750213362276554
0.014421419240534306
0.01422660332173109
0.01458296924829483
0.014552256092429161
0.01454903557896614
0.014142896048724651
0.014418631792068481
0.014454028569161892
0.01442309282720089
0.014224854297935963
0.01451602391898632
0.014546915888786316
0.01438992004841566
0.014377301558852196
0.0143358763307333
0.014333156868815422
0.01431499794125557
0.014581838622689247
0.01432019378989935
0.01456065196543932
0.014343777671456337
0.01425959262996912
0.014349283650517464
0.01451920811086893
0.014296122826635838
0.014221720397472382
0.014278510585427284
0.014321373775601387
0.014170079492032528
0.014372685924172401
0.014230716042220592
0.014330471865832806
0.01424478180706501
0.01413612812757492
0.014089788310229778
0.014351476915180683
0.014140849001705647
0.014183883555233479
0.014067059382796288
0.014323648996651173
0.01415774691849947
0.014003685675561428
0.014050944708287716
0.014228275045752525
0.01425093226134777
0.014049752615392208
0.0140544343739748
0.014004346914589405
0.01405256800353527
0.013967318460345268
0.014055510982871056
0.01384089607745409
0.014001891948282719
0.01400722749531269
0.013975287787616253
0.014097150415182114
0.013973820954561234
0.013879906386137009
0.013962158001959324
0.013798513449728489
0.013985587283968925
0.013712111860513687
0.013900911435484886
0.01376950740814209
0.013907790184020996
0.013801747933030128
0.013854713179171085
0.013913451693952084
0.013847237452864647
0.013938128016889095
0.013857346028089523
0.013779662549495697
0.013875892385840416
0.013623837381601334
0.013762282207608223
0.013853853568434715
0.013745689764618874
0.013959327712655067
0.013856720179319382
0.013639404438436031
0.013793918304145336
0.013740784488618374
0.013710376806557178
0.01387847401201725
0.013787606731057167
0.013555326499044895
0.013746949844062328
0.013665287755429745
0.013685381039977074
0.013890300877392292
0.013740627095103264
0.01365077868103981
0.01363364513963461
0.013888196088373661
0.013678302988409996
0.013713519088923931
0.01366366632282734
0.013677319511771202
0.013686412945389748
0.013621058315038681
0.013595376163721085
0.013820753432810307
0.013636171817779541
0.013640029355883598
0.013651941902935505
0.013653230853378773
0.013663457706570625
0.013578562065958977
0.013598216697573662
0.013668258674442768
0.013580923900008202
0.013631228357553482
0.013495580293238163
0.01397767849266529
0.013608893379569054
0.013522112742066383
0.013642213307321072
0.013604998588562012
0.013542930595576763
0.013688487000763416
0.013560812920331955
0.013522427529096603
0.013573040254414082
0.013493227772414684
0.013564747758209705
0.013577265664935112
0.013588466681540012
0.013440177775919437
0.013588108122348785
0.013447674922645092
0.013569734059274197
0.013515789993107319
0.013550651259720325
0.013519955798983574
0.013639960438013077
0.01330351922661066
0.013530822470784187
0.013423972763121128
0.013524369336664677
0.013362403959035873
0.013422604650259018
0.01374113094061613
0.013485373929142952
0.013446055352687836
0.013654914684593678
0.01329638622701168
0.013568094931542873
0.013437844812870026
0.013420754112303257
0.013518119230866432
0.01349607203155756
0.013384085148572922
0.013402517884969711
0.013719910755753517
0.01351398229598999
0.013260595500469208
0.013507407158613205
0.013413299806416035
0.013545986264944077
0.013250353746116161
0.013394874520599842
0.013612897135317326
0.01353376917541027
0.01325391884893179
0.013439441099762917
0.013433118350803852
0.013484744355082512
0.01349474024027586
0.013384545221924782
0.013534787110984325
0.01345911156386137
0.013413606211543083
0.013432146050035954
0.013302312232553959
0.013396678492426872
0.013458000496029854
0.013333943672478199
0.013712720014154911
0.013346664607524872
0.013302364386618137
0.013407135382294655
0.013313863426446915
0.013404255732893944
0.013308227062225342
0.013288799673318863
0.013601846061646938
0.013334608636796474
0.013460908085107803
0.013340871781110764
0.013227933086454868
0.013392738066613674
0.013172969222068787
0.013379289768636227
0.013215375132858753
0.013368752785027027
0.013375929556787014
0.0133675467222929
0.013309625908732414
0.013401014730334282
0.0132584935054183
0.013165433891117573
0.013763402588665485
0.013380415737628937
0.013391194865107536
0.013251401484012604
0.013616958633065224
0.013411765918135643
0.013056507334113121
0.013411241583526134
0.013098418712615967
0.013143651187419891
0.013644152320921421
0.013210021890699863
0.013359603472054005
0.013290803879499435
0.013221818953752518
0.013271595351397991
0.013172653503715992
0.01331298053264618
0.013216158375144005
0.01327773928642273
0.01323371846228838
0.013147709891200066
0.013465062715113163
0.013308161869645119
0.013238326646387577
0.01318616047501564
0.013510596938431263
0.01304538082331419
0.013614857569336891
0.013297192752361298
0.01311699952930212
0.0132475346326828
0.013237194158136845
0.013164027594029903
0.01347640436142683
0.013097841292619705
0.013368891552090645
0.01319720409810543
0.013119868002831936
0.013196232728660107
0.013160423375666142
0.013105301186442375
0.013499305583536625
0.013238007202744484
0.013068478554487228
0.013282456435263157
0.012928138487040997
0.013245739974081516
0.01315395813435316
0.013230605982244015
0.012961241416633129
0.013110348954796791
0.01336285937577486
0.01317758671939373
0.013081506825983524
0.013219811022281647
0.01296153198927641
0.013220376335084438
0.012900548055768013
0.01304237637668848
0.013433870859444141
0.013114379718899727
0.013437039218842983
0.013194897212088108
0.013110394589602947
0.01321335881948471
0.013109375722706318
0.013220585882663727
0.012941733002662659
0.013072475790977478
0.013266670517623425
0.012990901246666908
0.013584169559180737
0.013109545223414898
0.013037684373557568
0.013086806982755661
0.012911545112729073
0.013098903931677341
0.01299093198031187
0.01303055975586176
0.01323755644261837
0.01306609995663166
0.013037080876529217
0.013097666203975677
0.012938596308231354
0.013060781173408031
0.012947076931595802
0.012941965833306313
0.013194111175835133
0.013060620054602623
0.01276855543255806
0.01301050465553999
0.01290377788245678
0.013138280250132084
0.012806874699890614
0.013044128194451332
0.012979434803128242
0.012831466272473335
0.013452872633934021
0.01298917829990387
0.013080302625894547
0.013052565045654774
0.012924320064485073
0.013015829026699066
0.012910725548863411
0.013107041828334332
0.012782242149114609
0.013070805929601192
0.012888121418654919
0.01298272330313921
0.01309138722717762
0.012985029257833958
0.012787826359272003
0.013042368926107883
0.012759076431393623
0.012932149693369865
0.012696660123765469
0.012931971810758114
0.012903447262942791
0.013059047982096672
0.012730196118354797
0.012986842542886734
0.01300229225307703
0.012944265268743038
0.012836147099733353
0.013027574867010117
0.01270252000540495
0.012872494757175446
0.01300019584596157
0.012877904810011387
0.013157934881746769
0.012984786182641983
0.012895901687443256
0.012869230471551418
0.013030922040343285
0.012960600666701794
0.012837931513786316
0.012944629415869713
0.012695619836449623
0.012785877101123333
0.013138980604708195
0.012814131565392017
0.013289063237607479
0.012916048057377338
0.012583552859723568
0.012933534570038319
0.01264170091599226
0.012766542844474316
0.0129544697701931
0.012910410761833191
0.012865849770605564
0.012884675525128841
0.012743808329105377
0.012775503098964691
0.013231076300144196
0.01276320219039917
0.01296293456107378
0.012926893308758736
0.012654176913201809
0.01286139152944088
0.012638178654015064
0.01282580103725195
0.01293125655502081
0.012763822451233864
0.013001352548599243
0.012760784476995468
0.013056247495114803
0.01283203437924385
0.012737312354147434
0.012653698213398457
0.013239562511444092
