0.09902165830135345
0.02568926475942135
0.020237674936652184
0.01671416312456131
0.015245125629007816
0.014329507946968079
0.01371490303426981
0.013261416926980019
0.01281239278614521
0.012261942028999329
0.011165503412485123
0.010367168113589287
0.01027617696672678
0.011863256804645061
0.01197078637778759
0.013624435290694237
0.013176346197724342
0.014060376212000847
0.014623819850385189
0.01177311036735773
0.009856747463345528
0.00907088816165924
0.009412363171577454
0.00947848055511713
0.010610835626721382
0.010061029344797134
0.00926136039197445
0.009520146064460278
0.009683290496468544
0.009050752967596054
0.008551303297281265
0.009031972847878933
0.00815583672374487
0.008191759698092937
0.008352397009730339
0.008637411519885063
0.008162755519151688
0.007958415895700455
0.008107282221317291
0.008416646160185337
0.008520297706127167
0.0096087995916605
0.008113834075629711
0.008823221549391747
0.009518719278275967
0.009193912148475647
0.008548465557396412
0.008124824613332748
0.008286082185804844
0.008288152515888214
0.008905666880309582
0.008004545234143734
0.00793769583106041
0.00812994223088026
0.00807985570281744
0.008991301991045475
0.008093133568763733
0.008572999387979507
0.007744480390101671
0.008669321425259113
0.00820721685886383
0.008366293273866177
0.00808954518288374
0.007973270490765572
0.00925664696842432
0.009532802738249302
0.008384616114199162
0.007396259810775518
0.007295113056898117
0.0075210086070001125
0.007671281695365906
0.007434272672981024
0.007309782784432173
0.00744378287345171
0.007432959508150816
0.007946469821035862
0.007599680218845606
0.007453461643308401
0.007653603330254555
0.007008460350334644
0.007191766519099474
0.0069512175396084785
0.00797492079436779
0.007572366390377283
0.00732452841475606
0.00733170285820961
0.007765544578433037
0.0072614774107933044
0.007469444535672665
0.007688079494982958
0.007130606099963188
0.00732250465080142
0.007263512350618839
0.007608207408338785
0.0074384259060025215
0.007501194253563881
0.007289777509868145
0.007443533279001713
0.007248688489198685
0.0072223711758852005
0.008034720085561275
0.00788917951285839
0.007019232027232647
0.006754591129720211
0.006961814593523741
0.007574817631393671
0.0075047435238957405
0.007197864353656769
0.006822008173912764
0.007457270286977291
0.007594877853989601
0.0069153690710663795
0.006676270626485348
0.006710689049214125
0.0062815966084599495
0.006302524358034134
0.006349759176373482
0.006982073653489351
0.0077284579165279865
0.0071224309504032135
0.007420914713293314
0.007719707675278187
0.00702248839661479
0.007175544276833534
0.007044528611004353
0.006822110153734684
0.006475311238318682
0.0064712525345385075
0.006908694747835398
0.006899647880345583
0.006884742062538862
0.0069089713506400585
0.007119046989828348
0.006997714750468731
0.006818595342338085
0.007113217376172543
0.007344003301113844
0.008110526017844677
0.007607779465615749
0.008281515911221504
0.007554010488092899
0.007023727986961603
0.00704718055203557
0.006849108729511499
0.007489447481930256
0.007234951015561819
0.0066530946642160416
0.0067610470578074455
0.006511090788990259
0.006463136989623308
0.006620259024202824
0.006314098369330168
0.006285405717790127
0.006442143581807613
0.006124408915638924
0.006465328391641378
0.0063308426178991795
0.006231555249541998
0.006327517796307802
0.006421663798391819
0.006253305822610855
0.006366032641381025
0.006789845880120993
0.00698026642203331
0.008812272921204567
0.0074812001548707485
0.006993923336267471
0.007239008788019419
0.006424728315323591
0.006525722332298756
0.00704724108800292
0.0071503217332065105
0.00701084965839982
0.007107856683433056
0.006563316565006971
0.00666429428383708
0.006733915768563747
0.0064919316209852695
0.006303423084318638
0.006298203952610493
0.006765036378055811
0.006571302656084299
0.00645385030657053
0.006319311913102865
0.006340699270367622
0.006510255392640829
0.0064013940282166
0.006429426372051239
0.006388626527041197
0.006259064190089703
0.006284024100750685
0.006138401571661234
0.0062767453491687775
0.006454732734709978
0.006406982429325581
0.006390181835740805
0.006359746679663658
0.006256545893847942
0.006289974320679903
0.00628186110407114
0.006186877842992544
0.006461760029196739
0.006472468841820955
0.0064287506975233555
0.006351947784423828
0.006220771465450525
0.006126308348029852
0.0060489727184176445
0.0061211236752569675
0.006191306747496128
0.006192236207425594
0.006199635099619627
0.006249069701880217
0.006227821111679077
0.006127053406089544
0.006180257070809603
0.0063659860752522945
0.006190492305904627
0.006142141297459602
0.0064893136732280254
0.006352847907692194
0.0062384577468037605
0.006282872520387173
0.006157830357551575
0.006107407622039318
0.006189309060573578
0.00600923178717494
0.005973096005618572
0.00619946513324976
0.0061029791831970215
0.006222915835678577
0.00647654989734292
0.006337279453873634
0.006182384677231312
0.006327352952212095
0.006151194684207439
0.006349906325340271
0.006400553043931723
0.0063834586180746555
0.006811017636209726
0.00692183431237936
0.00711469491943717
0.006956666242331266
0.006629903335124254
0.006628391332924366
0.006781100295484066
0.006515407934784889
0.0066586993634700775
0.007140763103961945
0.006746843922883272
0.006085018161684275
0.006055706646293402
0.0059308819472789764
0.005951204802840948
0.005873052403330803
0.0059008849784731865
0.006010420620441437
0.005994435399770737
0.006033633835613728
0.006272332742810249
0.006112423725426197
0.006050459574908018
0.006040239706635475
0.005978215951472521
0.006023199297487736
0.005899488460272551
0.005946123972535133
0.006261921022087336
0.00601521972566843
0.006031252443790436
0.006088878959417343
0.005933981854468584
0.005922086536884308
0.006014300510287285
0.005912922788411379
0.005878205876797438
0.006145215593278408
0.006178482435643673
0.006418957840651274
0.006415276322513819
0.006229605060070753
0.0062311445362865925
0.006027285475283861
0.005976481828838587
0.006091404240578413
0.006061539053916931
0.005965337157249451
0.0059631033800542355
0.00592488469555974
0.0059472196735441685
0.006043705623596907
0.006021860986948013
0.006247230805456638
0.006137576885521412
0.006185008678585291
0.006126890424638987
0.006083877757191658
0.006086677312850952
0.0061551895923912525
0.006084592081606388
