-483.5195739666621
-609.7645070354143
-664.5655744738049
-666.6921010315418
-688.901689453125
-614.5983508300782
-537.31353515625
-480.10753356933594
-447.61073974609377
-436.3366668701172
-416.8550115966797
-385.79560546875
-357.2588653564453
-333.8071649169922
-321.7345666503906
-303.87603942871095
-288.2991735839844
-272.59701049804687
-260.36094665527344
-250.9892318725586
-243.39759033203126
-235.0432241821289
-222.27076446533204
-213.2010986328125
-209.34349670410157
-208.77838745117188
-210.51352935791016
-207.98792205810548
-203.12553619384767
-195.87021606445313
-189.12417022705077
-190.17367706298828
-189.39680084228516
-188.27953674316407
-188.28653503417968
-180.80393280029296
-176.99838134765625
-175.21312164306642
-172.61418884277344
-176.73809661865235
-179.4155239868164
-181.36620727539062
-179.02182098388673
-177.35275817871093
-172.47361083984376
-166.30144165039061
-164.92332870483398
-160.34649734497071
-159.05528915405273
-160.03251724243165
-158.24210220336914
-157.34008270263672
-158.68172332763672
-158.10527648925782
-159.6132077026367
-161.45998809814452
-158.1270950317383
-153.73798919677733
-151.22996826171874
-147.5957489013672
-141.69322189331055
-138.31632034301757
-132.76172348022462
-127.85511764526368
-130.82179840087892
-129.53667755126952
-131.20842864990234
-136.5636819458008
-136.07199783325194
-135.45454315185546
-130.56376022338867
-119.78380798339843
-112.69437088012695
-109.78905715942383
-109.11512145996093
-108.76987014770508
-108.7424951171875
-110.08873397827148
-107.03027114868163
-110.56652282714843
-109.76520935058593
-106.13019119262695
-107.86574279785157
-106.01255081176758
-103.09170944213867
-102.1813151550293
-95.41511306762695
-90.66584884643555
-86.37174011230469
-81.34011459350586
-80.17535278320312
-80.99065200805664
-80.52521957397461
-80.02911102294922
-81.59147064208985
-81.52930267333984
-82.37587051391601
-83.06299682617187
-84.94124206542969
-82.27180969238282
-80.40772186279297
-78.59744827270508
-74.56986251831054
-73.0050227355957
-72.82242218017578
-72.04000289916992
-72.03418823242187
-73.42488815307617
-73.55852951049805
-72.43978416442872
-70.32115936279297
-67.98024208068847
-63.11857192993164
-64.17160385131837
-64.03966567993164
-62.89955032348633
-64.47824127197265
-65.37119018554688
-60.817971572875976
-60.764927291870116
-58.47927085876465
-53.34196640014648
-56.389749145507814
-56.99671539306641
-55.62100883483887
-58.042509155273436
-56.16879180908203
-56.16428924560547
-55.44623352050781
-55.18479278564453
-56.5725789642334
-55.83792686462402
-56.21483055114746
-55.67609527587891
-55.371095428466795
-54.869192886352536
-55.49885322570801
-55.162626113891605
-55.15906883239746
-53.74932929992676
-50.79080474853516
-47.95952835083008
-45.82810768127442
-45.09648094177246
-46.06179931640625
-46.752532424926756
-46.871730422973634
-48.34204750061035
-49.546939315795896
-52.298317947387694
-53.82250953674316
-53.77886848449707
-50.57491996765137
-50.12954597473144
-48.40574127197266
-46.457020874023435
-47.88912849426269
-48.36650375366211
-49.38055030822754
-54.73175498962402
-53.58269271850586
-52.10757095336914
-50.36867851257324
-44.768980484008786
-44.84248649597168
-43.72283531188965
-44.75383262634277
-45.08315101623535
-46.943848876953126
-47.03505157470703
-46.9265811920166
-47.354878997802736
-46.796921463012694
-47.529853134155275
-46.139706459045414
-44.308760986328124
-43.217439041137695
-39.336177368164066
-41.799759254455566
-39.53953060150147
-37.45610546112061
-38.63301677703858
-33.394776802062985
-33.223270111083984
-32.90919151306152
-36.29391937255859
-36.50832485198975
-35.35018653869629
-37.378867874145506
-33.198372764587404
-33.81060367584229
-35.81394947052002
-37.18005844116211
-37.120345191955565
-35.81809272766113
-34.404807586669925
-31.571069641113283
-31.280192413330077
-32.49494064331055
-32.453336563110355
-31.11187713623047
-30.88693058013916
-29.590395202636717
-30.978201332092286
-34.08463745117187
-32.968455696105956
-33.11969394683838
-30.86011489868164
-29.452625122070312
-33.944477767944335
-34.98240013122559
-37.891720619201664
-36.01556835174561
-32.04449996948242
-29.83965473175049
-27.76590045928955
-28.36844581604004
-29.973551197052004
-32.36303285598755
-30.933877773284912
-30.17925634384155
-29.139290161132813
-29.673698654174803
-31.072427520751955
-32.92899311065674
-34.417203178405764
-34.69095272064209
-31.67463035583496
-30.445485496520995
-29.172163352966308
-28.481231994628907
-28.39876350402832
-30.146042709350585
-29.35441120147705
-29.19691032409668
-30.46764820098877
-30.259626350402833
-30.10773109436035
-30.70365047454834
-33.25276260375976
-32.867697372436524
-32.68785701751709
-33.15613162994385
-29.74730094909668
-29.86308536529541
-31.123945579528808
-33.07209722518921
-33.00979183197021
-33.729446754455566
-31.805075073242186
-28.19037809371948
-26.442712001800537
-25.079009532928467
-24.38978006362915
-25.670333347320557
-25.95222339630127
-26.164909973144532
-27.258398361206055
-28.213830375671385
-27.692665367126466
-34.34083023071289
-36.572242946624755
-42.11997919082641
-42.26216749191284
-38.51457181930542
-38.6102970123291
-31.569744682312013
-30.870997581481934
-29.558599128723145
-27.27738904953003
-27.593780002593995
-29.578300724029543
-28.770284690856933
-28.25580202102661
-28.60951234817505
-29.490186786651613
-28.335610694885254
-27.253754234313966
-27.166427230834962
-26.60760705947876
-26.642162055969237
-27.289163131713867
-27.459784774780275
-27.592531719207763
-27.321510677337645
-28.408177852630615
-27.701866626739502
-26.06639051437378
-25.86122058868408
-26.931772499084474
-25.53423273086548
-24.93804079055786
-24.111378879547118
-22.668924083709715
-22.39478353500366
-23.15572624206543
-23.752591590881348
-23.92221302032471
-25.542427444458006
-28.140346336364747
-27.690492782592774
-31.073074493408203
-29.317263717651368
-27.818101806640627
-28.04990280151367
-25.448793449401855
-25.594823265075682
-25.06745002746582
-25.114721603393555
-26.442495346069336
-26.186112174987795
-27.483931427001952
-26.59122959136963
-26.774934577941895
-25.876095542907716
-26.468488693237305
-26.679080505371093
-26.897790718078614
-26.232564125061035
-25.914664936065673
-26.1872021484375
-26.406514739990236
-26.846463623046876
-25.867764739990236
-25.454506511688233
-25.146626796722412
-24.011481132507324
-24.879139995574953
-23.835615367889403
-23.035708904266357
-23.885725145339965
-24.74538857460022
-23.950785245895386
-23.73200591087341
-23.538025894165038
-23.247662754058837
-24.02947069168091
-26.25145004272461
-24.53779275894165
-22.939208297729493
-22.865845260620116
-23.538391914367676
-25.31996253967285
-26.641893157958986
-27.98469841003418
-25.351167602539064
-23.735764446258546
-22.287855491638183
-20.569739570617674
-21.61161548614502
-20.984557857513426
-21.711544189453125
-21.974854831695556
-22.72358919143677
-23.846089000701905
-24.078154697418213
-24.962285652160645
-23.71805446624756
-23.29335189819336
-24.235665588378907
-23.381748008728028
-22.87149856567383
-22.9338631439209
-23.110080528259278
-22.89448963165283
-24.590026779174806
-23.69596544265747
-23.253064861297606
-23.467943325042725
-21.698144283294678
-22.360787105560302
-21.459170989990234
-20.605290870666504
-22.053678245544432
-21.190316104888915
-22.93349433898926
-22.63526384353638
-22.061574115753174
-24.24060827255249
-22.71690715789795
-22.993858528137206
-25.119830932617187
-22.615412063598633
-22.689131641387938
-22.21589328765869
-20.74025333404541
-20.528797187805175
-21.955872840881348
-21.992273807525635
-23.253832454681397
-25.090104351043703
-24.89305788040161
-25.00480941772461
-24.521661434173584
-23.160586032867432
-23.398503093719484
-23.972863140106202
-23.905368614196778
-23.210230293273927
-23.421329765319825
-22.19228183746338
-21.45951904296875
-22.397134590148926
-22.29319641113281
-22.195596351623536
-22.952711868286134
-21.37552797317505
-21.106971378326417
-20.684630661010743
-20.634121856689454
-20.49032046318054
-20.67295901298523
-21.40631407737732
-21.40833804130554
-20.94836441040039
-20.941857833862304
-21.543963413238526
-20.106698780059816
-21.12042158126831
-22.147757663726807
-20.696415367126466
-21.94559524536133
-20.97767827987671
-21.114881687164306
-21.236539516448975
-22.19030237197876
-22.37436408996582
-22.8962184715271
-22.24846601486206
-21.282559452056883
-21.823036975860596
-21.244603042602538
-21.09282625198364
-22.744642181396486
-20.74083305358887
-20.368442325592042
-20.324157943725584
-21.022153129577635
-21.091151742935182
-21.9904527759552
-20.970785570144653
-19.174540586471558
-19.513560752868653
-20.679681549072267
-20.052187786102294
-19.65094715118408
-19.337701778411866
-18.504447689056395
-18.69914363861084
-20.605902938842775
-23.71356756210327
-23.18439453125
-22.41023250579834
-22.383606643676757
-19.779299011230467
-19.37115188598633
-20.6149179649353
-22.16250358581543
-21.31399263381958
-20.31968891143799
-20.65746753692627
-19.654999885559082
-20.69087694168091
-21.81179895401001
-22.37997350692749
-21.39660831451416
-20.688327465057373
-19.533649883270265
-18.11613914489746
-18.93363916397095
-20.81756175994873
-21.117349185943603
-20.37584665298462
-19.177502765655518
-18.947593212127686
-20.721156349182127
-22.45244718551636
-21.787217292785645
-20.102382946014405
-19.1162872505188
-18.829771366119385
-19.402849521636963
-20.796874465942384
-20.501024494171144
-19.65731538772583
-20.499169673919678
-21.233747577667238
-20.88844814300537
-20.13040487289429
-19.25637647628784
-18.151143589019775
-17.783919277191163
-19.021110610961912
-20.67668550491333
-20.367705936431886
-19.0154474067688
-18.254766597747803
-17.19570806503296
-16.883156623840332
-17.403213081359862
-18.413303394317627
-17.823890380859375
-18.512135257720946
-18.309806728363036
-18.268131141662597
-18.0187233543396
-17.993103828430176
-18.47719829559326
-19.37916072845459
-19.075177593231203
-19.033526573181152
-18.999306716918944
-17.201922998428344
-16.972812356948854
-17.727427282333373
-16.86913773536682
-17.97475764274597
-19.207327966690062
-22.18176226615906
-22.360968503952027
-21.574181480407717
-21.12161479949951
-17.361359901428223
-16.956474533081053
-16.5415397644043
-16.534419975280763
-16.33326992034912
-16.575600757598878
-18.997020568847656
-19.69758071899414
-20.491522521972655
-22.693954601287842
-20.726876735687256
-19.319479999542235
-18.026756706237794
-16.3905354309082
-16.716432971954347
-17.037727890014647
-18.523852672576904
-17.889444179534912
-17.94443037033081
-18.64026110649109
-18.13765772819519
-19.32957142829895
-18.647841730117797
-17.798045406341554
-18.18799825668335
-18.780408611297606
-19.005092945098877
-18.82481485366821
-17.784425354003908
-17.091799449920654
-16.4244287109375
-17.188349189758302
-16.954332637786866
-17.107868938446046
-18.69334705352783
-18.9234517288208
-18.709584722518922
-18.26199730873108
-16.679548482894898
-15.063024034500122
-15.494985008239746
-15.77130958557129
-16.28929573059082
-17.714376754760742
-18.11552749633789
-19.007415981292723
-21.56033748626709
-22.639641189575194
-22.210454597473145
-22.067704372406006
-21.14167074203491
-19.767161235809326
-19.07336322784424
-18.830588340759277
-18.787145652770995
-18.07986053466797
-18.404486503601074
-17.46493912220001
-16.231749882698058
-15.949633355140685
-16.92516155719757
-18.01608509063721
-17.583882217407226
-18.94215976715088
-18.403454971313476
-17.76001256942749
-17.56064546585083
-16.534607677459718
-15.86516830444336
-15.574460620880126
-15.64684591293335
-16.206264896392824
-16.489059677124022
-17.043566722869873
-18.260694694519042
-19.189085426330568
-17.998853359222412
-17.123636226654053
-15.943147106170654
-15.659778480529786
-15.639527378082276
-16.157475566864015
-16.67828266143799
-16.066137142181397
-17.14116174697876
-16.09193413734436
-16.0857190990448
-15.95701259613037
-16.199651947021483
-18.38413604736328
-18.944627561569213
-19.4096928024292
-19.14516580581665
-16.742237911224365
-16.085529022216797
-15.166908569335938
-16.073722896575926
-16.108624038696288
-16.285614223480223
-17.277712116241457
-15.920865879058837
-15.623066291809081
-15.644549922943115
-15.041059837341308
-15.600831356048584
-16.234300022125243
-16.21072509765625
-16.453747940063476
-15.51099380493164
-14.799177799224854
-15.256133670806884
-15.672821464538574
-17.086753063201904
-17.725101432800294
-16.66001358985901
-17.013924112319945
-17.439835729599
-17.524060888290407
-17.06959451675415
-15.771360530853272
-14.290507984161376
-13.569191570281982
-15.305035305023193
-16.31392629623413
-16.56340997695923
-16.501410121917726
-17.906101207733155
-18.10858875274658
-18.602242317199707
-18.416826839447022
-16.46413875579834
-14.512565116882325
-14.340806369781495
-14.78786262512207
-15.840675601959228
-16.16074779510498
-17.378833236694337
-16.738049583435057
-15.720231704711914
-16.51127950668335
-14.845611381530762
-15.863285350799561
-15.91121479034424
-15.75592830657959
-16.37452844619751
-14.790981330871581
-14.76465721130371
-15.04828550338745
-16.849030990600586
-19.12363613128662
-19.843397789001465
-19.356734943389892
-17.07544771194458
-15.721948051452637
-14.423820323944092
-14.978074684143067
-14.99829948425293
-14.6251096534729
-15.798367862701417
-14.881828002929687
-14.334915504455566
-14.484140224456787
-16.1407049369812
-16.973960399627686
-18.023901748657227
-18.142208137512206
-15.639828338623047
-14.767058277130127
-15.253905963897704
-15.811510639190674
-16.358467350006105
-16.228931789398192
-16.58153112411499
-16.46476333618164
-16.750219459533692
-17.438558597564697
-16.57840492248535
-15.49525405883789
