1074.6180419921875
1105.6842041015625
1241.3548583984375
740.4480590820312
809.5175170898438
436.6968688964844
701.49658203125
811.4174194335938
385.32080078125
348.4217224121094
241.73741149902344
399.6126708984375
43.3473014831543
-38.724239349365234
209.9641876220703
42.41816329956055
25.781869888305664
198.81651306152344
20.027549743652344
114.49361419677734
42.20240020751953
-163.72190856933594
109.933349609375
-120.62556457519531
-144.3710174560547
-101.91083526611328
114.91096496582031
-205.126220703125
-293.2767639160156
-133.5385284423828
-199.1814727783203
-218.6574249267578
-154.21682739257812
-359.78021240234375
-552.2171020507812
-444.3941345214844
-549.621826171875
-313.3112487792969
-483.9140625
-406.4366149902344
-330.2178955078125
-493.30279541015625
-611.8804321289062
-541.3471069335938
-538.0625
-510.5328674316406
-604.3611450195312
-525.9003295898438
-539.7789916992188
-463.5910339355469
-553.2810668945312
-673.7137451171875
-715.683837890625
-807.8592529296875
-610.369384765625
-951.3505859375
-801.7056274414062
-771.7344970703125
-749.6635131835938
-702.1421508789062
-717.320068359375
-673.3143920898438
-595.8059692382812
-609.7708740234375
-715.5670776367188
-672.2239379882812
-847.2994384765625
-741.8124389648438
-645.98681640625
-685.8649291992188
-624.4391479492188
-685.6737670898438
-753.3090209960938
-679.6931762695312
-858.3654174804688
-808.9183959960938
-687.6873779296875
-774.8395385742188
-724.71484375
-993.9758911132812
-856.8746337890625
-771.604736328125
-802.7981567382812
-846.9069213867188
-849.7294921875
-806.5104370117188
-850.2286376953125
-771.1322631835938
-746.5975952148438
-859.8933715820312
-802.9775390625
-915.8580932617188
-877.8946533203125
-887.6112670898438
-855.85791015625
-833.2172241210938
-819.0697021484375
-916.0858764648438
-843.8703002929688
-806.8175659179688
-867.3070678710938
-811.4005737304688
-738.7047729492188
-860.0925903320312
-701.89453125
-798.3427124023438
-829.8311767578125
-725.0223999023438
-735.1617431640625
-765.1455078125
-774.5455932617188
-837.0702514648438
-889.6417846679688
-857.6721801757812
-882.6832885742188
-962.6564331054688
-926.6085815429688
-823.4730834960938
-983.2447509765625
-860.8884887695312
-961.2533569335938
-905.6173095703125
-977.3321533203125
-838.1889038085938
-942.0718994140625
-927.439453125
-960.2470703125
-834.0612182617188
-897.2535400390625
-910.7245483398438
-859.4152221679688
-863.9584350585938
-902.4841918945312
-865.8493041992188
-845.4763793945312
-876.4259033203125
-814.7709350585938
-844.1882934570312
-722.0524291992188
-798.2056884765625
-771.3051147460938
-764.7990112304688
-668.1987915039062
-743.1845092773438
-682.13916015625
-725.9600830078125
-699.7465209960938
-688.8536987304688
-680.3463745117188
-715.4157104492188
-693.2118530273438
-660.6436157226562
-761.5706787109375
-606.1625366210938
-766.15869140625
-681.5821533203125
-803.0044555664062
-682.4588623046875
-780.01025390625
-586.0048828125
-691.8387451171875
-698.5582885742188
-674.8767700195312
-673.5860595703125
-619.0541381835938
-698.7388916015625
-554.5660400390625
-705.0185546875
-586.4825439453125
-762.4209594726562
-671.2732543945312
-690.8148193359375
-788.975830078125
-787.0496215820312
-711.8184814453125
-776.057861328125
-708.1222534179688
-820.6788940429688
-691.6653442382812
-783.6812744140625
-761.0907592773438
-783.3599853515625
-796.9841918945312
-713.8136596679688
-795.9393920898438
-601.6231079101562
-741.8366088867188
-735.1078491210938
-655.5137939453125
-781.1221923828125
-605.6066284179688
-743.80029296875
-637.0948486328125
-720.4144897460938
-675.1785278320312
-654.8541259765625
-676.4269409179688
-594.3919067382812
-644.7962646484375
-645.9882202148438
-674.3934326171875
-665.10986328125
-622.5831298828125
-588.2493286132812
-660.1861572265625
-604.8130493164062
-659.9772338867188
-605.0745849609375
-649.7415771484375
-573.6399536132812
-712.2424926757812
-658.1533203125
-625.3475952148438
-696.4260864257812
-601.9093017578125
-627.205078125
-580.65869140625
-683.54345703125
-591.3829345703125
-693.6383666992188
-677.8935546875
-634.4240112304688
-671.9476318359375
-638.9044189453125
-651.2161865234375
-635.5758666992188
-665.3389892578125
-629.9661254882812
-650.381103515625
-655.0645141601562
-595.3920288085938
-666.7454833984375
-613.8811645507812
-577.1928100585938
-643.7756958007812
-586.9764404296875
-567.8634033203125
-601.6364135742188
-574.5712280273438
-640.0775146484375
-617.2706909179688
-696.5462646484375
-667.7802124023438
-663.9595947265625
-668.447509765625
-651.7284545898438
-737.8094482421875
-720.4674682617188
-754.3389892578125
-769.5504760742188
-678.6749877929688
-678.193603515625
-716.5975341796875
-666.6173706054688
-645.5206909179688
-677.3698120117188
-634.8294067382812
-722.364501953125
-566.133544921875
-742.5291137695312
-501.4240417480469
-734.5394897460938
-567.72021484375
-663.0966186523438
-716.6575927734375
-568.2761840820312
-700.4482421875
-598.9872436523438
-691.5653076171875
-602.2620849609375
-732.01416015625
-585.6015625
-690.7189331054688
-608.7054443359375
-681.103271484375
-597.5972900390625
-687.18310546875
-677.5999145507812
-636.0401611328125
-740.6159057617188
-698.9498901367188
-669.9724731445312
-693.6229858398438
-587.3360595703125
-638.8557739257812
-685.875244140625
-683.8473510742188
-678.9157104492188
-680.5499877929688
-713.4600219726562
-685.5894775390625
-732.9971313476562
-640.5485229492188
-677.4063720703125
-668.5380249023438
-614.8521728515625
-659.7659912109375
-594.8588256835938
-712.5784912109375
-597.2533569335938
-696.5055541992188
-647.580078125
-720.7745971679688
-670.2763061523438
-694.5797119140625
-646.3995971679688
-604.494873046875
-657.07080078125
-659.1359252929688
-604.33935546875
-606.5215454101562
-607.8240356445312
-689.5350341796875
-702.2943725585938
-702.129638671875
-583.6962890625
-677.02490234375
-606.1104125976562
-725.82421875
-575.43017578125
-712.5341796875
-628.9779663085938
-638.7385864257812
-672.1273803710938
-554.0157470703125
-631.6989135742188
-572.1222534179688
-618.5344848632812
-612.7894287109375
-592.8845825195312
-641.1917114257812
-527.0069580078125
-586.7240600585938
-518.0626831054688
-582.7704467773438
-510.3298034667969
-571.1341552734375
-503.7477111816406
-556.1039428710938
-592.4669799804688
-578.2512817382812
-510.9727478027344
-544.7501831054688
-565.7982177734375
-507.85382080078125
-568.6172485351562
-567.1760864257812
-531.6664428710938
-560.7705078125
-506.0483093261719
-566.4638061523438
-465.18975830078125
-591.4847412109375
-450.5647888183594
-560.6781616210938
-505.56298828125
-496.0752868652344
-526.7853393554688
-481.351318359375
-503.27911376953125
-478.5606994628906
-484.0341796875
-546.6122436523438
-462.4432678222656
-590.6195068359375
-553.6351928710938
-536.4605102539062
-519.9994506835938
-487.66925048828125
-513.1082153320312
-487.3799743652344
-505.0646667480469
-480.3266296386719
-520.8985595703125
-525.1363525390625
-487.2149963378906
-549.4252319335938
-468.7894592285156
-457.9416198730469
-502.8310546875
-508.4505920410156
-451.8752136230469
-588.2516479492188
-498.0064392089844
-569.4718017578125
-487.6265563964844
-539.60302734375
-489.4450378417969
-447.7315368652344
-513.7507934570312
-475.56378173828125
-532.3768310546875
-543.7201538085938
-487.4390563964844
-543.5582885742188
-470.1644592285156
-531.8427124023438
-457.9618835449219
-544.927978515625
-481.130126953125
-523.57470703125
-502.78887939453125
-502.9111328125
-481.1836853027344
-526.364990234375
-463.2994079589844
-498.7094421386719
-514.3023071289062
-472.6669006347656
-535.1265258789062
-537.5443115234375
-518.9181518554688
-546.0297241210938
-499.5287170410156
-530.8416748046875
-535.7638549804688
-557.4998779296875
-541.5101928710938
-542.7260131835938
-486.45001220703125
-555.9210815429688
-520.7638549804688
-567.3732299804688
-534.7521362304688
-549.3500366210938
-587.008544921875
-577.8106689453125
-637.892578125
-589.7846069335938
-633.4689331054688
-569.5428466796875
-620.764404296875
-549.9945678710938
-603.1354370117188
-572.8111572265625
-550.30712890625
-581.2919921875
-534.6013793945312
-658.9562377929688
-564.2673950195312
-638.2669067382812
-557.5433959960938
-629.8800659179688
-547.1920776367188
-540.9039916992188
-592.4554443359375
-543.4841918945312
-600.507080078125
-577.2294311523438
-590.3663940429688
-570.4400634765625
-566.2777099609375
-615.4515991210938
-588.5218505859375
-653.2078857421875
-578.7960205078125
-654.6875
-609.8261108398438
-636.8929443359375
-664.1103515625
-590.8787231445312
-635.656005859375
-611.8571166992188
-600.1620483398438
-676.9495849609375
-609.924560546875
-675.606201171875
-592.9981079101562
-676.2662353515625
-624.26611328125
-644.2125244140625
-656.7605590820312
-669.7405395507812
-601.5148315429688
-697.9552612304688
-647.4691772460938
-680.5564575195312
-679.6016845703125
-648.7661743164062
-642.9904174804688
-646.3228149414062
-573.3186645507812
-652.2103881835938
-559.0930786132812
-632.0538330078125
-601.7257690429688
-600.502197265625
-627.5104370117188
-625.2470703125
-610.7900390625
-644.5355834960938
-589.1644897460938
-568.115966796875
-618.7244262695312
-571.769287109375
-607.7252807617188
-545.3324584960938
-601.7713012695312
-613.3805541992188
-560.59228515625
-627.7914428710938
-606.13232421875
-530.6065673828125
-600.2233276367188
-630.3731079101562
-634.0861206054688
-662.3555908203125
-638.4970092773438
-635.7747192382812
-684.7667236328125
-620.112060546875
-645.97607421875
-621.8429565429688
-597.9108276367188
-653.19140625
-619.1930541992188
-714.2841186523438
-653.5160522460938
-676.2332153320312
-708.7172241210938
-683.6233520507812
-630.3267822265625
-683.7542114257812
-598.91796875
-665.8572387695312
-630.1002807617188
-607.7379760742188
-598.3492431640625
-570.7581176757812
-593.27587890625
-631.7861328125
-629.0419311523438
-711.4379272460938
-623.5465087890625
-663.1451416015625
-618.97314453125
-640.2858276367188
-593.4063720703125
-643.0095825195312
-586.6952514648438
-676.6314697265625
-620.4719848632812
-656.1737670898438
-613.0343017578125
-623.5934448242188
-638.8070678710938
-607.54150390625
-636.5928955078125
-624.3012084960938
-603.6521606445312
-583.5100708007812
-586.6265258789062
-598.0704956054688
-539.399169921875
-582.0360107421875
-575.0816650390625
-487.30987548828125
-592.8300170898438
-514.2499389648438
-599.7877197265625
-595.4658203125
-545.5003051757812
-570.1953125
-612.7314453125
-607.4502563476562
-618.5732421875
-587.1210327148438
-628.2926025390625
-605.05810546875
-690.0857543945312
-676.9271240234375
-759.6249389648438
-619.63037109375
-678.0172729492188
-690.7639770507812
-700.8849487304688
-702.2219848632812
-729.7963256835938
-707.079833984375
-712.9480590820312
-670.1425170898438
-654.9498901367188
-666.48974609375
-676.244873046875
-690.5917358398438
-638.3768920898438
-642.1464233398438
-634.4559326171875
-652.83251953125
-578.7927856445312
-619.1967163085938
-589.2701416015625
-630.1102905273438
-618.0375366210938
-662.29345703125
-619.064697265625
-629.6464233398438
-631.26513671875
-630.7367553710938
-653.7741088867188
-582.2138061523438
-601.3618774414062
-618.9522094726562
-616.3203125
-561.7373657226562
-578.6873779296875
-632.1420288085938
-620.0795288085938
-644.4384155273438
-606.9719848632812
-695.0253295898438
-621.3922729492188
-663.5782470703125
-655.6547241210938
-632.7310791015625
-629.6998291015625
-629.660888671875
-569.2703247070312
-627.201416015625
-600.89013671875
-580.147216796875
-567.7739868164062
-587.4192504882812
-593.1428833007812
-556.6930541992188
-550.7015991210938
-533.7306518554688
-496.4355163574219
-580.6586303710938
-533.8666381835938
-557.1281127929688
-523.0491943359375
-484.1280212402344
-506.4432067871094
-551.345947265625
-537.8280639648438
-558.1134643554688
-557.3524780273438
-584.6700439453125
-580.9512939453125
-585.7578735351562
-556.1373291015625
-608.2221069335938
-531.4482421875
-521.4301147460938
-494.3009948730469
-534.400390625
-507.3717956542969
-551.8526611328125
-487.75244140625
-518.1555786132812
-518.9581298828125
-549.7984619140625
-533.5589599609375
-541.4002075195312
-580.9214477539062
-534.552734375
-583.5913696289062
-520.6788330078125
-564.5263671875
-546.7247314453125
-504.130126953125
-544.8102416992188
-508.72320556640625
-515.6139526367188
-510.9782409667969
-549.2802734375
-518.9073486328125
-477.3716735839844
-565.5137939453125
-533.8900756835938
-623.2786254882812
-635.7872924804688
-621.1917114257812
-596.506591796875
-619.0092163085938
-616.6520385742188
-550.22265625
-577.9596557617188
-526.3869018554688
-534.2863159179688
-563.0668334960938
-578.076171875
-555.2177124023438
-526.4932861328125
-581.7887573242188
-591.2777099609375
-603.2328491210938
-585.6826782226562
-602.1686401367188
-592.2542114257812
-562.1870727539062
-581.2982788085938
-610.4864501953125
-531.5638427734375
-533.3018798828125
-576.3300170898438
-527.7108154296875
-559.8639526367188
-527.443115234375
