0.0497018052265048
0.04943458903580904
0.049189869314432144
0.04629998989403248
0.03649640455842018
0.030665871873497962
0.021406015008687974
0.017596253473311663
0.016242982633411885
0.015555534278973937
0.015119364764541388
0.014775680936872959
0.014568016957491636
0.014363371068611741
0.014214122435078025
0.014079829631373286
0.013933600299060345
0.013750348053872586
0.013696780381724238
0.01360212853178382
0.013508095918223263
0.013414809992536903
0.013241787673905492
0.0131879398599267
0.013031009538099169
0.013007234130054713
0.01284546502865851
0.012731471937149763
0.01262005059979856
0.012468182994052768
0.012313993647694588
0.012182480748742818
0.012053403258323669
0.011919646104797722
0.011889732722193003
0.011703161476179957
0.01160402842797339
0.011468442855402827
0.011355924606323241
0.011257697874680162
0.011092201992869376
0.010953740356490016
0.010828074906021357
0.010749200964346528
0.01060440531000495
0.010527386097237468
0.010552689572796226
0.010335662821307778
0.010276776272803545
0.010169210052117706
0.0100554165430367
0.009931923635303975
0.009850200824439525
0.009872054494917393
0.00969511540606618
0.00961406328715384
0.009547767229378223
0.009545281669124961
0.009431718988344074
0.009381851926445962
0.009334291238337756
0.009247824968770146
0.00924705141223967
0.009173189802095295
0.009117237711325287
0.009100830787792802
0.00901293302886188
0.008955873362720013
0.00893850508145988
0.008913318673148752
0.008900807099416852
0.00886079384945333
0.008796745026484133
0.008757326286286116
0.008725950960069895
0.008720236690714955
0.00869252677075565
0.00865607438609004
0.008636117400601506
0.008645640406757592
0.008606371376663447
0.008643083274364471
0.008585863746702671
0.008526511071249843
0.008480729488655924
0.008450427232310176
0.008436039835214616
0.008434182335622608
0.008400043263100088
0.00841051428578794
0.008404306136071682
0.008392091700807213
0.008318311930634082
0.008265092805959284
0.008263945719227195
0.008236829028464853
0.008237400162033736
0.008195764780975879
0.008191409660503269
0.008159998874180018
0.008137603895738721
0.008112814743071795
0.008100669644773007
0.008066336251795292
0.00804840037599206
0.008030432648956776
0.007995666679926216
0.007982675381936134
0.008032007352449
0.007976615172810852
0.007950245961546898
0.007924100267700851
0.007891391473822295
0.00790085995104164
0.007889877865090966
0.007836387096904218
0.007832584017887712
0.007800452038645744
0.007837204611860216
0.007811625697650015
0.007786599569953978
0.007766727427951992
0.007749419892206788
0.007743080751970411
0.007730429782532156
0.007721618376672268
0.007720184582285583
0.007692693755961955
0.007687578280456364
0.007673188555054366
0.007684256415814161
0.007685017585754394
0.0076392837800085545
0.00762721081264317
0.007619367772713303
0.007620607223361731
0.00762263082433492
0.007607954856939614
0.007604709407314658
0.007610071077942848
0.007590535515919328
0.007577502564527094
0.007559417164884508
0.007574113458395005
0.007590398844331503
0.007544527505524456
0.007536428840830922
0.007533497852273285
0.007531956350430846
0.007513974024914205
0.007493395614437759
0.007495069224387407
0.007479802868328988
0.007494973740540445
0.007474520429968834
0.007464504637755454
0.0074640341568738226
0.007457193895243108
0.007436396833509207
0.007429677015170455
0.00743499374948442
0.007449923921376467
0.007423217641189694
0.0074165443191304805
0.00740777044557035
0.0074008759111166
0.007401064783334732
0.007385043101385236
0.00736913476139307
0.007371557131409645
0.007371978834271431
0.0073658587411046025
0.007358292443677783
0.007352803461253643
0.007333530206233263
0.0073419485706835985
0.0073232282884418964
0.007325224485248328
0.007329408428631723
0.0073315751738846306
0.007318117329850793
0.007335768640041351
0.007313092215918004
0.007302514114417136
0.007289197435602546
0.0072830005316063765
0.0072996174218133095
0.007268300116993487
0.0072594457538798455
0.007254137704148888
0.007254092092625797
0.007244210923090577
0.007256394089199603
0.007253928622230887
0.0072358584264293315
0.0072255308972671625
0.007228946010582149
0.007213800167664886
0.0072079568170011045
0.007207607245072722
0.00719869106542319
0.007201107963919639
0.007184905651956797
0.0071789407171309
0.007186405081301928
0.007186475116759539
0.007166244671680033
0.00716450538020581
0.007161172898486256
0.007163750007748604
0.007147109205834568
0.007131005940027535
0.007136542396619916
0.007150860433466732
0.007147718500345945
0.0071146952686831355
0.00711233988404274
0.007115792226977646
0.007115615694783628
0.007114235288463533
0.00712124805431813
0.00711603167001158
0.007102147466503084
0.007113957591354847
0.007113479101099074
0.007103162072598934
0.007082368456758558
0.007078834529966116
0.007095532841049135
0.007079038885422051
0.007054447126574814
0.007053960766643286
0.007050238479860127
0.007044366840273142
0.007065098755992949
0.0070608798414468765
0.00703283972106874
0.007031740946695208
0.007029067794792354
0.007050284626893699
0.007033431716263294
0.007028313190676272
0.007016546884551644
0.007022453006356955
0.006997789745219052
0.007011582679115236
0.0069988697534427045
0.007002071221359074
0.007003015885129571
0.006998604629188776
0.006983868102543056
0.00700170046184212
0.006994205922819674
0.0069852099288254975
0.006984481168910861
0.006979897571727634
0.006986582558602095
0.006970442761667073
0.006964613310992717
0.006970222503878176
0.006976302829571068
0.00697229434736073
0.00695581070613116
0.006956781283952296
0.006950229243375361
0.006970275077037513
0.006964187673293054
0.0069469324545934795
0.006935899658128619
0.006933014560490847
0.006949740462005138
0.006934137549251318
0.00693406171631068
0.00692912822123617
0.006929992325603962
0.006920912698842585
0.006922412198036909
0.006905679125338793
0.0069095225306227805
0.00691653888206929
0.006908286409452557
0.006893778149969876
0.006889370526187122
0.006904764450155199
0.006890603853389621
0.006904105842113495
0.006905790069140494
0.006902260007336736
0.006903638946823776
0.006901568779721856
0.006890115700662136
0.006885858182795346
0.006885480671189726
0.006898429337888956
0.006875007995404303
0.006887588533572853
0.0068771432153880594
0.006889316136948764
0.0068760441150516275
0.00685376669280231
