0.27828648388385774
0.21409933641552925
0.16734624952077864
0.1344369225203991
0.11148659139871597
0.09541498571634292
0.08419809080660343
0.07634176388382911
0.07077314518392086
0.06672953255474567
0.06373826097697019
0.061421324498951435
0.05966324675828218
0.058203222788870336
0.05694657061249018
0.055852693133056165
0.05497199445962906
0.05407809354364872
0.053303904458880426
0.05262286365032196
0.05201887059956789
0.05142088383436203
0.0509022319689393
0.050451751612126824
0.050044307485222816
0.04960135444998741
0.04924794062972069
0.04889042228460312
0.04857846181839705
0.048373593017458916
0.04810656141489744
0.04789463430643082
0.04767980165779591
0.047490829788148406
0.047335419431328775
0.04714603014290333
0.047040794789791104
0.04689594246447086
0.04674043990671635
0.04670134652405977
0.04657649341970682
0.04650720190256834
0.046421713940799234
0.0463201355189085
0.0462434783577919
0.046173001453280446
0.046163049153983594
0.04610763844102621
0.046065337397158145
0.04601519424468279
0.045994583144783975
0.045981601998209956
0.0459184255450964
0.045855097100138666
0.045859392173588275
0.045831084437668326
0.045825932547450064
0.04580722898244858
0.045804166421294215
0.04575751144438982
0.04568877723067999
0.04578041285276413
0.04565052352845669
0.04571857787668705
0.04566440973430872
0.04564377516508102
0.04566695336252451
0.045636264607310295
0.04567305333912373
0.0456325177103281
0.045568815618753436
0.0455801073461771
0.045592496171593666
0.04554536007344723
0.04558117389678955
0.045526009798049924
0.0455559503287077
0.04555999729782343
0.045480189472436906
0.0454816035926342
0.04555632323026657
0.04550172295421362
0.04544947035610676
0.045493191294372085
0.045425429753959176
0.04543686341494322
0.045421631447970866
0.04544830545783043
0.045364413410425186
0.045379372872412206
0.04539380315691233
0.045384487323462966
0.045379611663520336
0.04530216306447983
0.04537462424486875
0.04534955881536007
0.04535758104175329
0.04528496433049441
0.04536522906273603
0.045268920436501506
0.045316238142549994
0.04528496358543634
0.0452167384326458
0.045198362320661545
0.0452690027654171
0.04529885593801737
0.04524438120424747
0.04519224725663662
0.04520513135939837
0.045242419466376305
0.04515632670372725
0.045140191726386544
0.04516211189329624
0.04510478712618351
0.045166428200900555
0.045078206621110437
0.04513071682304144
0.04508169945329428
0.04506802037358284
0.04510207660496235
0.04514763467013836
0.04511354584246874
0.04507548306137323
0.04507184773683548
0.04499404318630695
0.04504451602697372
0.04499270115047693
0.04503213632851839
0.04500990249216556
0.04495194796472788
0.044961783848702905
0.044952207058668134
0.04492878708988428
0.04496236722916365
0.044921818748116495
0.04494964946061373
0.044907054677605626
0.044976064935326576
0.04491736926138401
0.04491630513221025
0.04485195688903332
0.044830852188169956
0.04482605215162039
0.04485154766589403
0.04482307322323322
0.0447758860886097
0.044745147600769995
0.04474864602088928
0.04478586744517088
0.0448054937645793
0.044751056283712384
0.04474054966121912
0.04478925541043281
0.04480376001447439
0.0447381779551506
0.044697317853569986
0.044716900959610936
0.044724307395517825
0.044649004191160205
0.044703141413629056
0.04463037308305502
0.04467625878751278
0.044661433808505534
0.04464903585612774
0.04469055775552988
0.04462246913462877
0.04461426362395286
0.04461161196231842
0.044600417092442515
0.044589413702487944
0.044607526436448094
0.04453622493892908
0.04458625987172127
0.044562915526330474
0.04456131495535374
0.04460961353033781
0.04458232652395964
0.04449389204382896
0.04451922588050365
0.044496300630271435
0.044515648111701014
0.04452493861317634
0.04453093595802784
0.04448831621557474
0.04448532909154892
0.044531986489892005
0.04442031942307949
0.04442441985011101
0.044475659169256686
0.044430928863585
0.044465910829603675
0.04445951171219349
0.04444902371615171
0.04444709196686745
0.04442248828709126
0.04446243513375521
0.04440458472818136
0.044386140257120135
0.04443321693688631
0.044429460726678374
0.04442932493984699
0.044348531775176524
0.0444207601249218
0.04443236570805311
0.04442214351147413
0.04428890645503998
0.04439468923956156
0.04434509873390198
0.04444561470299959
0.0444071788340807
0.04440062530338764
0.04431856032460928
0.04435216467827559
0.04438248816877603
0.04436612073332071
0.04433083850890398
0.044434808753430845
0.04437722731381655
0.04431631099432707
0.044339954666793344
0.044330342300236227
0.04431620072573424
0.04431791640818119
0.0443421533331275
0.044336627796292306
0.0443824227899313
0.04437721129506826
0.04435587618499994
0.04428799767047167
0.04432368148118258
0.044318980537354946
0.04435489363968372
0.044295130483806136
0.04429703913629055
0.044277975149452684
0.044301124103367326
0.04433960039168596
0.044317067600786686
0.04433488231152296
0.04426648449152708
0.04437848776578903
0.04434068147093058
0.04430456832051277
0.044344143755733964
0.044279782474040984
0.044315666891634464
0.044370754994452
0.04429994355887175
0.04429489132016897
0.04428567793220282
0.04433139320462942
0.04429758135229349
0.04429678022861481
0.04425873160362244
0.044286455027759075
0.044316306710243225
0.04422357063740492
0.04431928601115942
0.04436051845550537
0.044347434490919116
0.044260536693036555
0.044301222637295724
0.044387168064713475
0.044363752193748954
0.04431237801909447
0.044331394508481024
0.04430897571146488
0.044296376220881936
0.04428412728011608
0.04431017842143774
0.044291556999087336
0.04427621122449636
0.044315486773848535
0.044337793998420236
0.044305880554020405
0.0443056033924222
0.04435193445533514
0.044317434541881084
0.044360661320388316
0.04431744199246168
0.04432726688683033
0.044293425232172015
0.04429543260484934
0.044288253970444204
0.044245628640055656
0.044284113496541974
0.04431778285652399
0.04421134851872921
0.04431879166513682
0.04429018516093493
0.044316718354821205
0.04437825046479702
0.04430863279849291
0.044362832047045234
0.044317288883030416
0.04431636072695255
0.044292467460036275
0.04437792599201203
0.04430608171969652
0.04438100941479206
