0.04698774591088295
0.0472806915640831
0.04616519808769226
0.04873453825712204
0.038311928510665894
0.0347411222755909
0.031437717378139496
0.028912754729390144
0.02336537092924118
0.021381800994277
0.017897911369800568
0.02019156701862812
0.016540538519620895
0.016845550388097763
0.015806403011083603
0.016318783164024353
0.015350581146776676
0.0157236997038126
0.014219867065548897
0.017865635454654694
0.01457808818668127
0.015668053179979324
0.014406850561499596
0.015442277304828167
0.01492286566644907
0.013583228923380375
0.012917193584144115
0.018745427951216698
0.014499598182737827
0.012995482422411442
0.013430830091238022
0.01605726219713688
0.013105937279760838
0.016155099496245384
0.014342909678816795
0.011875863187015057
0.013072746805846691
0.015001291409134865
0.013215051032602787
0.013691105879843235
0.013590522110462189
0.011963092721998692
0.014011986553668976
0.009848947636783123
0.01244871225208044
0.013992084190249443
0.012986589223146439
0.011839869432151318
0.013292849995195866
0.010706918314099312
0.012084565125405788
0.013079465366899967
0.012599574401974678
0.011747278273105621
0.011827257461845875
0.012539878487586975
0.011691740714013577
0.012738206423819065
0.01225898414850235
0.010123152285814285
0.011364486068487167
0.011899886652827263
0.011203015223145485
0.012435060925781727
0.011437835171818733
0.010653696954250336
0.0114118168130517
0.010188748128712177
0.01116515789180994
0.010292990133166313
0.00999469868838787
0.013088399544358253
0.010276075452566147
0.011326250620186329
0.010869656689465046
0.009576352313160896
0.01017529983073473
0.010642889887094498
0.010303112678229809
0.009893514215946198
0.009892644360661507
0.010570812039077282
0.00999483186751604
0.009890773333609104
0.00904999952763319
0.01188681274652481
0.009868194349110126
0.010151989758014679
0.00924858171492815
0.010643300600349903
0.009655680507421494
0.008645222522318363
0.008777516894042492
0.01088356040418148
0.009262017905712128
0.008967823348939419
0.009092386811971664
0.009102820418775082
0.009200871922075748
0.008628392592072487
0.008715867064893246
0.00982031598687172
0.008293377235531807
0.010234150104224682
0.008823713287711143
0.008341929875314236
0.008222686126828194
0.009681235067546368
0.008443227037787437
0.008766254410147667
0.00858297199010849
0.008258325047791004
0.008009546436369419
0.009382595308125019
0.008238189853727818
0.008426792919635773
0.0076623656786978245
0.00973612628877163
0.00822499394416809
0.007639864459633827
0.007814493961632252
0.008421347476541996
0.007987314835190773
0.007688781712204218
0.007756507024168968
0.00821138545870781
0.007905122824013233
0.007403852883726358
0.0074907634407281876
0.008258340880274773
0.007680484559386969
0.0076243882067501545
0.007600379176437855
0.007568495813757181
0.007518109865486622
0.007527183275669813
0.007294521201401949
0.007976221852004528
0.007589474320411682
0.006953283213078976
0.007215670309960842
0.00789390504360199
0.007420288864523172
0.007111792918294668
0.007474985904991627
0.007101037073880434
0.007346566300839186
0.007029559928923845
0.007062315475195646
0.0078093260526657104
0.0074021657928824425
0.006640690844506025
0.007252776529639959
0.006981754209846258
0.007167992647737265
0.007154049351811409
0.007134491112083197
0.007080597337335348
0.0068840146996080875
0.007873499765992165
0.007358614820986986
0.006407186388969421
0.006971720606088638
0.007497392129153013
0.00683108763769269
0.007685421034693718
0.00721150916069746
0.0064346082508563995
0.006791283842176199
0.0076032523065805435
0.006916248705238104
0.00712780375033617
0.007094789762049913
0.006569467950612307
0.00677270395681262
0.007502270862460136
0.007139673922210932
0.006247778423130512
0.006866438314318657
0.007026643492281437
0.006839117966592312
0.007165653631091118
0.006610189098864794
0.00765641313046217
0.0070183309726417065
0.0063601164147257805
0.006809552200138569
0.007052362896502018
0.007048529572784901
0.006191447377204895
0.006932932883501053
0.0066246530041098595
0.006974059157073498
0.006353343371301889
0.0068735298700630665
0.006825027521699667
0.006586847826838493
0.007330663036555052
0.0067586395889520645
0.007128541823476553
0.006925524678081274
0.006250179838389158
0.006709354929625988
0.0068394578993320465
0.006632453296333551
0.007051306776702404
0.006277170032262802
0.008055347017943859
0.0069230422377586365
0.006163942161947489
0.006765364203602076
0.006514829117804766
0.00674609886482358
0.0065186405554413795
0.006645753514021635
0.006832618732005358
0.006845538970082998
0.006152222398668528
0.006496742833405733
0.007155159022659063
0.0066681960597634315
0.006577183958142996
0.0067467764019966125
0.006237647961825132
0.006697637028992176
0.006435359828174114
0.006801988463848829
0.006092763971537352
0.006718190386891365
0.006256218068301678
0.006751219742000103
0.006060142535716295
0.006526038981974125
0.006723749917000532
0.006601159926503897
0.006674985401332378
0.006597356405109167
0.006530420854687691
0.006374054122716188
0.0071586621925234795
0.00671830540522933
0.00601845933124423
0.006331051234155893
0.007153232581913471
0.006455000024288893
0.006675674580037594
0.006607860326766968
0.006196606904268265
0.00658296886831522
0.006213200278580189
0.006422063335776329
0.006666708737611771
0.006398199591785669
0.006681512109935284
0.006678624544292688
0.005943539086729288
0.006509612314403057
0.006350545212626457
0.006242342758923769
0.007061529904603958
0.006454169750213623
0.006447622086852789
0.006270773243159056
0.00697613600641489
0.00652305455878377
0.00618571974337101
0.006639927625656128
0.005769360810518265
0.006347378715872765
0.006572586018592119
0.006335252430289984
0.006655814591795206
0.006286099087446928
0.006817780900746584
0.006603384390473366
0.005684280302375555
0.00626130448654294
0.006689131259918213
0.006156040355563164
0.007016882300376892
0.006544432602822781
0.005868757609277964
0.006245678290724754
0.006806483957916498
0.006212017498910427
0.0068685198202729225
0.00656300550326705
0.005702595226466656
0.006065228953957558
0.007145557552576065
0.006221895106136799
0.006659752689301968
0.006473385263234377
0.005885879043489695
0.0064112041145563126
0.005966190714389086
0.006258400622755289
0.006406401749700308
0.006327437236905098
0.006173836998641491
0.006338109727948904
0.006139909848570824
0.0060715824365615845
0.006841689348220825
0.006335891783237457
0.006043093279004097
0.006194513291120529
0.0064725144766271114
0.006074163597077131
0.006811222061514854
0.006348196417093277
0.005940130911767483
0.006064455956220627
0.006748360116034746
0.0062512545846402645
0.0062268394976854324
0.006084030959755182
0.006632386241108179
0.006384146399796009
0.0056914519518613815
0.006302754860371351
0.005943832919001579
0.006024121306836605
0.0067418464459478855
0.006117551121860743
0.006456869188696146
0.0061234417371451855
0.006498097442090511
0.006160140968859196
0.006249325815588236
0.006035671103745699
0.0069900499656796455
0.006262867245823145
0.006506254896521568
0.006355959456413984
0.005599368829280138
0.006319247651845217
0.0059648375026881695
0.006112007424235344
0.006359119433909655
0.00613434799015522
0.006217192392796278
0.006233964115381241
0.005978961940854788
0.006275206804275513
0.005807963199913502
0.006076151505112648
0.006532082799822092
0.00611402653157711
0.006157998461276293
0.006003537680953741
0.0065390076488256454
0.005910191684961319
0.006741061341017485
0.006159954704344273
0.005938315764069557
0.006052842363715172
0.006255307234823704
0.006214473862200975
0.005806603468954563
0.006290181074291468
0.00551537936553359
0.006138124968856573
0.005948674399405718
0.006234744563698769
0.0056274933740496635
0.006102596875280142
0.006181896664202213
0.005884407088160515
0.00667223846539855
0.006310159340500832
0.005434288643300533
0.005992771591991186
0.0062680854462087154
0.00594212394207716
0.006509846076369286
0.0060650380328297615
0.005995860323309898
0.005958721041679382
0.006326000206172466
0.005969186779111624
0.006243156269192696
0.005840315017849207
0.006788134109228849
0.005804873071610928
0.006706377491354942
0.0059692636132240295
0.0062590534798800945
0.006071518175303936
0.005866058170795441
0.0060945902951061726
0.005817570257931948
0.006118131335824728
0.005705366842448711
0.006142657715827227
0.005628746002912521
0.006064511835575104
0.005854982882738113
0.005971711128950119
0.006109151057898998
0.006255405023694038
0.005384695716202259
0.0061649433337152
0.00551204988732934
0.006239049136638641
0.0053033847361803055
0.005947470664978027
0.006139363627880812
0.006210896652191877
0.005294278264045715
0.006244911812245846
0.005219293292611837
0.006013688165694475
0.005857400130480528
0.006148447748273611
0.005454192869365215
0.005914702545851469
0.00614815391600132
0.005972490180283785
0.005933757871389389
0.005914002191275358
0.006143331527709961
0.0059313178062438965
0.006010921206325293
0.006091658025979996
0.005508205853402615
0.006133224815130234
0.005393555853515863
0.006087294314056635
0.005591615568846464
0.006118356250226498
0.005468959920108318
0.006046685855835676
0.005684154573827982
0.006115673575550318
0.005402587354183197
0.00586353475227952
0.00613433076068759
0.00604638596996665
0.00559150381013751
0.0059162406250834465
0.005951378960162401
0.005755264312028885
0.006503881886601448
0.005946559365838766
0.005832241848111153
0.006067014764994383
0.005733845289796591
0.005889622028917074
0.0060357297770679
0.005801140796393156
0.006219333503395319
0.005876968149095774
0.006026555318385363
0.005771439056843519
0.006350052542984486
0.005706657189875841
0.00648375041782856
0.005898058880120516
0.005928016733378172
0.005957835353910923
0.0057231830433011055
0.005804115906357765
0.006163968238979578
0.006109894253313541
0.005562275648117065
0.005837489850819111
0.0060230945236980915
0.005737594794481993
0.006339466664940119
0.0055137318558990955
0.006982908118516207
0.005998692009598017
0.005505186505615711
0.005821407772600651
0.00604782672598958
0.005926148500293493
0.005736127961426973
0.005927641410380602
0.005852620583027601
0.006026203744113445
0.005366305820643902
0.005987708456814289
0.005493982695043087
0.0059983981773257256
0.0054504345171153545
0.006045263726264238
0.005419071763753891
0.006111872382462025
0.005357358139008284
0.005907177925109863
0.006069942377507687
0.006025985348969698
0.005314513575285673
0.005800063256174326
0.005971802398562431
0.005964518990367651
0.005642998963594437
0.006012351252138615
0.0053127966821193695
0.005910986568778753
0.005655456334352493
0.00582853751257062
0.006008195225149393
0.00582130579277873
0.00585319846868515
0.005702930502593517
0.006202185060828924
0.0057863290421664715
0.006215820088982582
0.005982131231576204
0.005345081444829702
0.005769355688244104
0.005970938131213188
0.005804600194096565
0.005867925006896257
0.005764765199273825
0.005980073008686304
0.005994059145450592
0.005280307028442621
0.005688565783202648
0.0062006316147744656
0.005724474787712097
0.006069479510188103
0.005837286356836557
0.005744910333305597
0.00588160939514637
0.005575403571128845
0.0057799918577075005
0.005895795300602913
0.005950599908828735
0.00533458823338151
0.006026934366673231
0.0051062991842627525
0.0055162301287055016
0.006782616954296827
0.0057298969477415085
0.005972632206976414
0.005788892973214388
0.0057979365810751915
0.005731392651796341
0.00598450331017375
0.005844325292855501
0.005598659627139568
0.0060156648978590965
0.005087536759674549
0.006004303693771362
0.005151587538421154
0.0055168564431369305
0.00657674903050065
0.005965089425444603
0.005415002349764109
0.005839264020323753
0.005662255454808474
0.0056946659460663795
0.006009814329445362
0.005746303126215935
0.005857182666659355
0.006027444265782833
0.00532374856993556
0.005846573039889336
0.005556783638894558
0.00583822512999177
0.005543544888496399
0.0055774967186152935
0.0063305809162557125
0.005671299062669277
0.0060562375001609325
0.00591556029394269
0.005324923899024725
0.005742726381868124
0.005842459388077259
0.005575795657932758
0.006305028218775988
0.005839390214532614
0.005573662929236889
0.0059196497313678265
0.005296765360981226
0.005797006655484438
0.006015467457473278
0.005550267640501261
0.006420153193175793
0.005780647974461317
0.005649176426231861
0.005669784732162952
0.006014660000801086
0.005971688311547041
0.005292637273669243
0.005935752298682928
0.005216178949922323
0.005705963354557753
0.005887061357498169
0.005685504525899887
0.0059032863937318325
0.005828654393553734
0.005521255545318127
0.005676574073731899
0.005993866361677647
0.005547022446990013
0.0062967222183942795
