22.923597049713134
16.509898233413697
11.840082025527954
8.55825765132904
6.267797899246216
4.672526240348816
3.5610573172569273
2.7836156368255613
2.234799289703369
1.8411485612392426
1.552160131931305
1.3337733626365662
1.1632857382297517
1.0257617473602294
0.9113563090562821
0.8138830125331878
0.7292090594768524
0.654654347896576
0.5883940041065217
0.5292025685310364
0.47616165727376936
0.428542497754097
0.38578545600175856
0.34741878509521484
0.3129844829440117
0.2821921080350876
0.2546077221632004
0.22999192252755166
0.2080415554344654
0.18849735856056213
0.17111509367823602
0.15566976889967918
0.1420649103820324
0.12993464209139347
0.11923655346035958
0.1098448395729065
0.10158024169504642
0.094333541020751
0.08795212805271149
0.08239783719182014
0.07748505771160126
0.07328462861478328
0.06958291158080102
0.06644169166684151
0.06361063588410616
0.06126708425581455
0.05920733418315649
0.05744323916733265
0.05588999539613724
0.05460298992693424
0.05349245946854353
0.05254173036664724
0.05174478515982628
0.05105683244764805
0.05048041250556708
0.04997069388628006
0.049600578099489215
0.049179570749402046
0.04890566263347864
0.04869912546128034
0.048445279337465764
0.04833201579749584
0.048157792538404465
0.048078111931681634
0.047971653006970885
0.04788427986204624
0.04782834332436323
0.047739547491073606
0.04766639675945043
0.04768067710101605
0.04763699397444725
0.04758465122431517
0.04766250532120466
0.04757799170911312
0.04753556903451681
0.04752332102507353
0.04752459824085235
0.04752278383821249
0.04752569738775492
0.04752347897738218
0.04754250515252352
0.04752037134021521
0.04751195851713419
0.04750603698194027
0.04749018289148808
0.04754594787955284
0.04752656240016222
0.0475351020693779
0.04753547143191099
0.047498824261128905
0.04751597512513399
0.04747792091220617
0.047529279813170434
0.0475252628326416
0.04752614479511976
0.047537421248853205
0.04747047647833824
0.04751991890370846
0.04752220455557108
0.04750154390931129
0.04748742505908012
0.04752149172127247
0.047546524181962015
0.04747434500604868
0.04756235089153051
0.04752335175871849
0.047520936094224454
0.04751530885696411
0.047557543590664865
0.047523833625018594
0.04751948788762093
0.04748909771442413
0.047478710487484935
0.0474896615371108
0.04750879183411598
0.04752245210111141
0.04750004597008228
0.04749033693224192
0.04750469606369734
0.04752520490437746
0.04753932617604732
0.04755404349416494
0.047480993531644346
0.047510886751115325
0.047465757466852665
0.04750879108905792
0.047519280761480334
0.04752377718687058
0.04751809798181057
0.04752494990825653
0.04751666896045208
0.0475229524075985
0.0475269366055727
0.047511397302150725
0.0475254787132144
0.0475018847733736
0.04749209508299827
0.04750465471297503
0.04750923253595829
0.04751843120902777
0.047484795190393926
0.04754001460969448
0.04747978877276182
0.04752848371863365
0.047521079890429974
0.04751173984259367
0.047484128177165984
0.04753651786595583
0.047501887381076816
0.04751668553799391
0.04750564564019442
0.047466105036437514
0.047515141777694225
0.047528041526675224
0.04750254582613707
0.0475143613293767
0.04751779828220606
0.04751372914761305
0.0474974075332284
0.04749238975346089
0.047498521953821184
0.04747109096497297
0.047499403543770316
0.04752297047525644
0.0474951671436429
0.04751816727221012
0.04753834065049887
0.047480272501707076
0.04750361088663339
0.047509927116334436
0.04749293550848961
0.047487548924982546
0.047508653812110425
0.04755585975944996
0.047504317760467527
0.047506576776504515
0.04749067053198815
0.04751409664750099
0.04748851265758276
0.047505373135209084
0.04752836208790541
0.04753557313233614
0.047554458118975164
0.04752510879188776
0.04751087911427021
0.047520453669130804
0.04756776671856642
0.04752345755696297
0.04748507831245661
0.047487639263272284
0.04748453814536333
0.047523280046880244
0.0474793316796422
0.04752568248659372
0.04752913005650043
0.047548999451100825
0.04754957985132933
0.04749742057174444
0.04749723058193922
0.04751893226057291
0.04750007279217243
0.0475137522444129
0.04753820784389973
0.04746885225176811
0.047519164904952046
0.04752080664038658
0.04749796893447637
0.047525614686310294
0.04756055176258087
0.04750040527433157
0.04747795704752207
0.04749841429293156
0.04750352445989847
0.04753960892558098
0.047506128810346125
0.04753397386521101
0.04750261474400759
0.047532329149544236
0.047515735030174255
0.04755530506372452
0.04749715179204941
0.047485120967030524
0.04752847850322724
0.04750929828733206
0.04752907827496529
0.047538569569587706
0.04749421421438456
0.047526297532022
0.04750401396304369
0.04759214110672474
0.04754714630544186
0.04751149453222751
0.04751808829605579
0.047493099607527255
0.047526851668953894
0.04749078396707773
0.04751314651221037
0.04749952238053083
0.04749072901904583
0.04750574436038733
0.0474993335083127
0.04750422053039074
0.04752464946359396
0.047479134425520896
0.04753823634237051
0.047517654672265056
0.047494697757065295
0.047497006319463256
0.047521193884313105
0.04751395266503096
0.047510731220245364
0.047486964240670206
0.04751682337373495
0.04751860164105892
0.0474977632984519
0.04752120189368725
0.04750234540551901
0.047526874020695685
0.047517604939639566
0.04753601904958486
0.047496517188847065
0.04750715345144272
0.0475344343110919
0.047472394071519375
0.047553648427128795
0.04750973396003246
0.0475021893158555
0.04747088477015495
0.04753402285277843
0.04750750660896301
0.047538417764008044
0.04754331354051829
0.047518256865441796
0.04750701803714037
0.0475167078897357
0.047482407093048094
0.047490359470248225
0.04750995486974716
0.047468370944261554
0.04751374702900648
0.04752397742122412
0.04749743528664112
0.047491833567619324
0.04748687595129013
0.04752068072557449
0.04751952551305294
0.04750451017171144
0.04749954119324684
0.04754849448800087
0.04749513138085604
0.04751376416534185
0.04750072732567787
0.04751626029610634
0.04752643350511789
0.047523975186049935
0.04752582125365734
0.047455523163080215
0.04750654306262732
0.047495926916599276
0.0474993983283639
