0.04889090191572905
0.04401939567178488
0.03180709127336741
0.02206141026690602
0.018016725219786166
0.016466601053252816
0.015698034223169087
0.0152313272934407
0.014918258180841804
0.014647921780124307
0.01438955795019865
0.014280337980017066
0.014141007559373975
0.013969422224909068
0.013858664827421308
0.013704756181687117
0.01362962885759771
0.013555854698643089
0.01344348224811256
0.013399687688797712
0.013241523457691074
0.013138681231066585
0.012995908362790942
0.012959623150527478
0.012785034393891693
0.012721047829836607
0.012716537108644843
0.012602308578789235
0.012426480883732438
0.01229214807972312
0.012240368546918035
0.012103664735332132
0.01200856762006879
0.011845765030011534
0.011684263357892632
0.011471660202369094
0.01130686542019248
0.011149084195494652
0.010956403240561486
0.010721551068127156
0.010601997841149569
0.010460357135161757
0.010284047713503242
0.010164528759196401
0.01008028439246118
0.009974060254171491
0.00985798453912139
0.009808151237666606
0.009704350680112838
0.00956892645917833
0.009492666088044643
0.009384786756709219
0.009308465197682381
0.009196186810731888
0.009130464773625136
0.00903964415192604
0.009035377064719796
0.00907193529419601
0.008934374060481786
0.008791124261915684
0.008769467286765576
0.008716362272389233
0.008716019848361612
0.008627815032377839
0.008559351414442062
0.008561756997369229
0.008462001476436854
0.008452055393718183
0.008487760578282178
0.008533826796337962
0.008371343277394772
0.008289702842012048
0.008358616475015878
0.008289840072393417
0.008252666098996997
0.008207048708572983
0.008211089204996825
0.008158590458333493
0.008159817894920707
0.008106087730266155
0.008082020212896168
0.008098391606472433
0.008088133041746914
0.008083438058383763
0.00813342658802867
0.008024643687531353
0.008066316414624453
0.00797534785233438
0.008023913158103824
0.00791883587371558
0.007929592509754002
0.007866551959887147
0.007851896365173161
0.007862870139069856
0.007796715432778001
0.007787547307088971
0.007814161130227149
0.007901138998568058
0.0078130240784958
0.007736186613328755
0.0077110342914238576
0.007690382888540626
0.007693269685842097
0.007711870782077313
0.007669469318352639
0.00771273416467011
0.007669011550024152
0.0078035682206973435
0.007692753407172859
0.007667665067128837
0.007592770247720182
0.007572419685311615
0.007556265778839588
0.007512165955267847
0.007509107026271522
0.007501119934022427
0.0075541763100773094
0.007492488157004118
0.007466216012835503
0.007467269455082715
0.007493016263470054
0.007428593491204083
0.007449093973264098
0.0073950962163507935
0.007381128892302513
0.007405639998614788
0.007451665517874062
0.007358834450133145
0.007343101780861616
0.007370472839102149
0.00734071594197303
0.007308020512573421
0.007280825730413198
0.007270441204309463
0.00726665360853076
0.007259628386236727
0.007224309770390391
0.007223939709365368
0.0072510707657784225
0.007219048170372844
0.007211167924106121
0.007223061053082347
0.0072194920154288415
0.007175638573244214
0.00712942483369261
0.007141028461046517
0.007111406791955233
0.007082062726840377
0.007075165840797126
0.007290329411625862
0.0071251933928579095
0.0070367492735385895
0.007037532399408519
0.007014394202269614
0.007028977712616324
0.007076990930363536
0.007054407568648458
0.006955596408806742
0.006937281764112413
0.0069351163925603036
0.006932148290798068
0.0069148912327364085
0.006874372763559222
0.006885872012935579
0.007003297982737422
0.006853541545569897
0.006866369233466685
0.006961952708661556
0.007032465515658259
0.006818673759698868
0.006785479583777487
0.006775278388522566
0.0067761872662231324
0.006749389762990177
0.006783396005630493
0.006886108010075986
0.006740787369199097
0.006727458722889423
0.006729989685118199
0.0067267901962623
0.006696032616309822
0.006739420909434557
0.006657511624507606
0.0066917779389768835
0.006611355021595955
0.0066360351629555225
0.006640523648820817
0.006599579309113324
0.006576977227814496
0.006580998166464269
0.006606666417792439
0.006575704296119511
0.006561413453891873
0.006543149775825441
0.006533046392723918
0.006552415643818676
0.006563616404309869
0.006505114072933793
0.006523179169744253
0.006540449149906635
0.006544827064499259
0.006519230990670621
0.006576643884181976
0.00652380920946598
0.006515630497597158
0.006505779991857708
0.006485942145809531
0.006520272418856621
0.006519368453882635
0.006505607161670923
0.00648906750138849
0.0064603449311107395
0.0064520234009251
0.006482661841437221
0.006450720876455307
0.006437999289482832
0.006464248639531434
0.006466478854417801
0.006413610256277025
0.00639822450466454
0.006399057549424469
0.006401603436097502
0.00641723673325032
0.006395221943967045
0.0064083161298185585
0.006377869332209229
0.006415460351854562
0.006426092283800244
0.006387506821192801
0.006382752512581647
0.0064034780720248815
0.006393271638080478
0.006366850598715246
0.006377088907174766
0.006381308450363577
0.006392142991535366
0.0064247700618579985
0.006393541558645665
0.006412667641416192
0.0063750025583431125
0.006326008727774024
0.006388303358107805
0.006331878853961826
0.0063195058144629
0.006339311809279024
0.0063631124794483185
0.0063208810752257705
0.0063096796162426475
0.006312836427241564
0.006294256006367504
0.006295382510870695
0.006331717781722546
0.00632878269534558
0.006297899829223752
0.006290137046016752
0.0063150795875117184
0.006399540696293116
0.006299646175466478
0.0062855599680915475
0.006295399856753647
0.006330433976836502
0.006302462355233729
0.006290952232666314
0.00626075507607311
0.0062647380633279685
0.00626155014615506
0.006265646009705961
0.006269438262097538
0.006257497565820813
0.0062449074815958735
0.0062606369610875845
0.006255302950739861
0.00625005925539881
0.006284473068080843
0.006244192039594055
0.006236058846116066
0.0062312082387506965
0.00623129759915173
0.006222373526543379
0.006251078587956727
0.006236458010971546
0.006217028736136854
0.006235484825447201
0.0062142187030985955
0.006223539332859218
0.006221436429768801
0.006210401584394276
0.006211725156754255
0.006228122487664222
0.006228744797408581
0.006201026285998524
0.006189365009777248
0.006194234150461853
0.006192379770800472
0.006196638639084995
0.006194383581168949
0.006228291220031679
0.006235192506574094
0.006189845642074943
0.006185569474473596
