0.0394136861898005
0.020426213881000875
0.01398944309912622
0.012384856818243861
0.01127320397645235
0.010458182403817773
0.009981203591451049
0.009653386799618602
0.009518325328826904
0.009457853599451482
0.009294633381068706
0.009264808008447289
0.0091481763869524
0.009084640932269395
0.008996931021101773
0.008918526116758585
0.008916554343886673
0.008832885487936436
0.008834607247263194
0.008823344553820788
0.00873096522409469
0.00872092517092824
0.008715190785005688
0.008566817711107432
0.00863014324568212
0.00878081158734858
0.008611736097373068
0.008715135348029434
0.008508195448666812
0.008473705244250595
0.008577361772768199
0.008477485715411603
0.008505299175158142
0.008605865063145757
0.008659844798967243
0.00880071904975921
0.008852606499567628
0.008806569618172944
0.00853037799242884
0.008489747298881412
0.008474378753453493
0.008389413310214876
0.008465518825687468
0.008410796243697404
0.008333113160915673
0.008348074997775257
0.008418882335536181
0.008327225362882018
0.00833444253075868
0.008344780141487717
0.008507592952810228
0.008386439527384937
0.008317780261859298
0.008385550882667302
0.008466136059723794
0.008344316529110074
0.008440129202790558
0.008355243830010295
0.008418697817251086
0.00841778579633683
0.008365420112386345
0.00837970939464867
0.008324323617853225
0.008336522476747632
0.008239231421612203
0.008264684421010315
0.00822004044894129
0.008347158785909414
0.00833095151465386
0.008099922840483487
0.008293655165471137
0.008212438900955021
0.008447821042500437
0.008392525860108436
0.008378248964436352
0.008303968515247107
0.008308194181881844
0.008228693855926394
0.008314273227006197
0.008211674308404327
0.008258228795602918
0.008179795276373625
0.008318564342334866
0.008253125287592412
0.008266072068363429
0.00824971878901124
0.008294611889868974
0.008259437303058803
0.008187081781215966
0.008249172847718
0.008206538064405322
0.008383773779496551
0.008177445665933192
0.008223193814046681
0.008197170100174844
0.008228669129312038
0.008287879335694016
0.008325804281048477
0.008207971905358135
0.00824540127068758
0.008267234289087355
0.008234688476659358
0.00825954347383231
0.00826483485288918
0.008253406337462365
0.008141399500891567
0.008188020740635692
0.008166765747591852
0.008337500388734043
0.008286890108138323
0.008227476733736694
0.008228655206039548
0.008191196457482874
0.008210295625030995
0.00816871204879135
0.008196499547921121
0.008174481522291898
0.008103887247852982
0.008163861534558236
0.00830171937122941
0.00835448717698455
0.008169040014036
0.008181733102537692
0.008161025797016918
0.008178998599760234
0.008258107909932732
0.00813634570222348
0.008165995427407324
0.008180502918548882
0.00819278392009437
0.008147133979946375
0.00825578416697681
0.008116924646310508
0.008193736104294658
0.008227603347040712
0.008167230524122715
0.008102235035039485
0.008102558972314
0.008207615395076574
0.008239704999141395
0.008374249585904181
0.008179088635370136
0.008212764700874686
0.008287620078772307
0.00817545223981142
0.008170661656185985
0.008122827601619064
0.00818015008699149
0.008104271185584367
0.008187926025129855
0.008192150108516216
0.00824469760991633
0.008195446734316648
0.008112593414261937
0.00816987433936447
0.008123250235803426
0.008112467010505497
0.008220229018479585
0.008387548639439047
0.008342919661663473
0.008123379060998559
0.00814536763355136
0.008123507024720311
0.008153050928376615
0.00827877374831587
0.008155999355949461
0.008205466950312258
0.008126114821061492
0.008109023119322956
0.008303490234538913
0.008249310753308236
0.008225168799981475
0.008314359467476606
0.008133989339694381
0.008115455345250665
0.008190307207405568
0.008164369477890432
0.008122458541765808
0.008105723955668508
0.008197652734816074
0.00813624607399106
0.00812576657626778
0.008129570656456054
0.008101175841875374
0.008169304253533483
0.008135397429578006
0.008145814202725888
0.008092901716008783
0.00811847064178437
0.008170794253237546
0.00828109981957823
0.008128157188184559
0.008116995682939887
0.008096220227889717
0.00813323010224849
0.008156478311866522
0.008115779794752597
0.008112565404735506
0.00813412549905479
0.008230873802676796
0.008470625150948763
0.008214062638580799
0.008185461396351457
0.008105998416431249
0.008117156242951751
0.008059650356881321
0.008184188441373409
0.008180455886758864
0.008134558703750372
0.008066853508353233
0.008178302855230867
0.008089938480407
0.008117925887927414
0.008134024706669152
0.008165787835605443
0.008136991411447525
0.008142643747851253
0.008106961217708885
0.008308048988692463
0.008303711959160864
0.008080280758440495
0.008093239786103368
0.008101344224996865
0.008088118978776038
0.008199393656104803
0.008152831485494972
0.008137811347842217
0.008140886924229563
0.00809113543946296
0.008095389022491873
0.00811340061482042
0.008086787420324981
0.008072342909872531
0.008068512217141688
0.008014529966749251
0.008019894850440324
0.008056747913360595
0.008011281373910606
0.008007114613428712
0.008238909137435257
0.008068766375072301
0.008016995526850224
0.007901497068814933
0.007639016606844962
0.007569033233448863
0.00756347537972033
0.007507736049592495
0.007435746630653739
0.00743283776100725
0.007405591034330428
0.007391834352165461
0.007348863710649312
0.007322138198651374
0.007282545743510127
0.007307348609901965
0.0073927212972193955
0.007589868316426873
0.007379483617842198
0.0072831458179280165
0.007274850900284946
0.007233213516883552
0.007251274981535971
0.0072031229268759486
0.007205333351157606
0.007238459470681846
0.0072021658532321455
0.007188994763419032
0.007158577721565962
0.0071655794279649855
0.007221099641174078
0.007142273033969105
0.007106920448131859
0.007135946163907647
0.007172947865910828
0.007130949129350484
0.007138277497142553
0.007164438511244953
0.007247232017107308
0.007168373861350119
0.00718364582862705
0.00716931086499244
0.007096757995896041
0.007067881571128964
0.007076428458094597
0.00705974311567843
0.007017936673946679
0.0070243723224848505
0.007120621739886701
0.007061784504912794
0.007032275735400617
0.0070871446747332815
0.007101797638460994
0.007120737689547241
0.00712732682004571
0.0070669264532625675
0.007011434296146035
0.007069067470729351
0.007044456922449172
0.0070469922618940474
0.007014872622676194
