0.04852029234170914
0.048301603831350806
0.046252901665866375
0.036049881391227244
0.029089379217475654
0.020861094910651447
0.017399774817749857
0.01583302770741284
0.015117093455046415
0.014562183897942305
0.014215245470404625
0.013964099809527397
0.013775015249848366
0.013693429855629801
0.013442501006647945
0.013203444983810186
0.01312078763730824
0.013034998252987862
0.012840299122035503
0.012677855184301734
0.012557697109878063
0.01235259505920112
0.01225600098259747
0.012047944171354175
0.01201565247029066
0.011874083429574966
0.011800090642645955
0.01159900431521237
0.011411692900583147
0.011281954869627953
0.011150040989741683
0.01098479558713734
0.010864932183176279
0.010743202408775687
0.010666095605120062
0.010632951883599162
0.010383026488125325
0.010402690200135113
0.010187778016552329
0.010029861098155379
0.009958296408876776
0.009849777305498719
0.009766051080077887
0.009622897021472454
0.009571998566389083
0.009449485316872596
0.009337704163044691
0.00927223446778953
0.00918147382326424
0.009124854160472751
0.009011471457779408
0.008961239922791719
0.008935534954071045
0.008804188342764974
0.008749788580462336
0.008704720111563802
0.008612248860299588
0.008540627826005221
0.00850043841637671
0.008437009644694626
0.00837025388609618
0.008308874047361314
0.008261206350289286
0.008265197416767478
0.008156517683528364
0.00813716510310769
0.008064345829188824
0.008083144319243729
0.00799429859034717
0.007959588523954153
0.00793992520775646
0.007897885912097991
0.007888967799954117
0.00785439049359411
0.007850857824087143
0.0077989888843148945
0.007796243042685091
0.0077606284525245425
0.007749557541683316
0.007773738633841276
0.007803676417097449
0.0077656209236010906
0.007713155751116574
0.007669436885043979
0.007636339007876814
0.00761787137016654
0.00761673292145133
0.00760028709191829
0.007579038455151022
0.007576951920054853
0.007556486804969609
0.0075424856971949335
0.007530362065881491
0.007521814364008605
0.0075077387038618324
0.007490148721262813
0.007498836680315435
0.007498445501551032
0.007475398085080087
0.0074689683970063925
0.0074495851760730146
0.0074186478741467
0.0074024636065587405
0.007415182655677199
0.007391235628165305
0.007415832206606865
0.007379110413603484
0.007372082211077213
0.007356593199074268
0.007349117868579924
0.007336908858269453
0.007330325385555625
0.007316337572410703
0.007305534020997584
0.007304142508655786
0.007268816069699824
0.0072844000300392505
0.007310510519891978
0.007277472736313939
0.007265086797997355
0.007251711399294436
0.007227095100097359
0.007226441893726588
0.007203012518584728
0.007207047357223928
0.007205547718331218
0.007187902997247875
0.007172323623672127
0.007183996890671551
0.007162697776220739
0.007149699935689568
0.0071484811371192334
0.007133108121342957
0.007133410568349064
0.007109894789755345
0.007106709014624357
0.007115550339221954
0.007098991377279163
0.007088531251065433
0.0070720560848712925
0.007076193089596927
0.007110435166396201
0.007067884458228946
0.007073233486153185
0.007074875547550619
0.007049910933710634
0.007027769624255597
0.007027657562866807
0.007002840074710548
0.007008642028085888
0.007017770200036466
0.007002801634371281
0.006988148111850024
0.006967371073551476
0.006966660008765757
0.006959608267061412
0.006971482140943408
0.006961857480928302
0.00694274939596653
0.00693193799816072
0.006949794967658818
0.006933100917376578
0.006931235687807203
0.006911980686709285
0.006921366509050131
0.006912783137522638
0.006943922117352485
0.00692981705069542
0.0069323048228397965
0.00688797989860177
0.006882196175865829
0.006887944834306836
0.006869454844854772
0.006871967483311892
0.0068763867020606995
0.006849026004783809
0.006857687490992248
0.00683870161883533
0.006836400483734906
0.006828790111467242
0.006830792711116374
0.006819385476410389
0.006801379239186644
0.00680836932733655
0.006817076099105179
0.006807273626327515
0.006798528833314776
0.006790778716094792
0.0067844247911125425
0.00676020432729274
0.006772297737188637
0.006756718154065311
0.006763548171147704
0.006765200872905552
0.006756456336006522
0.006739406613633037
0.006748825660906732
0.0067441079299896955
0.006752127804793418
0.006741029466502369
0.0067381281172856685
0.006740248273126781
0.00672403727658093
0.006722381967119872
0.00671011779922992
0.006705290847457945
0.006711856462061405
0.006693607592023909
0.006710661924444139
0.006694146990776062
0.0066866339184343815
0.00667739927303046
0.006689208769239485
0.006678347615525127
0.006679316726513207
0.006675398745574057
0.006671964260749519
0.0066603113198652865
0.006677820719778538
0.006664272770285607
0.006651173555292189
0.006641137972474098
0.006689119152724743
0.0066683438373729585
0.006663087708875537
0.00664822575636208
0.006648547318764031
0.006638380489312113
0.006636251206509769
0.006632830621674657
0.006625283486209809
0.006625411426648497
0.00664570746012032
0.0066614007810130715
0.006631413986906409
0.006631392496638
0.0066154105588793755
0.006600261875428259
0.006613851897418499
0.006620956631377339
0.006622039596550167
0.006616010121069849
0.006598161836154759
0.006595795368775725
0.0066046357387676835
0.006634372635744512
0.006611370155587793
0.006592901237308979
0.006591274403035641
0.006593573838472366
0.006572209880687296
0.006593823037110269
0.00657807532697916
0.006560358218848705
0.006572847138158977
0.006587565201334656
0.006559953163377941
0.006574083957821131
0.006575857964344322
0.006558930338360369
0.00656215704511851
0.006544386548921466
0.006547470833174885
0.006541967275552452
0.006545460410416126
0.006534852366894483
0.006538840336725115
0.006547680939547718
0.0065377174178138375
0.006542378664016723
0.006528086378239095
0.006526525970548392
0.006527953711338341
0.006523987487889826
0.006530339759774506
0.006547103682532906
0.006544622639194131
0.006512787588872015
0.006523168180137873
0.006518040224909783
0.006535525852814317
0.006521247630007565
0.006516771484166383
0.006519140698947013
0.006517736427485943
0.0064970915205776695
0.006509599881246686
0.006492247432470321
0.006501607620157302
0.006504299584776163
0.006509874388575554
0.006495275651104748
0.0064932578708976505
0.006513484148308634
0.006500786426477135
0.0064991895575076345
0.006488735810853541
0.006490574846975505
0.006474481779150665
0.006473661004565656
