0.04725164175033569
0.04487430676817894
0.04579372704029083
0.045440081506967545
0.036020684987306595
0.040558863431215286
0.030843200162053108
0.027399947866797447
0.021747799590229988
0.0214063823223114
0.018342865630984306
0.015546290203928947
0.01725713163614273
0.012910213321447372
0.015752872452139854
0.015023861080408096
0.01579679548740387
0.01336105540394783
0.016164463013410568
0.011885160580277443
0.014335012063384056
0.01585138589143753
0.014298987574875355
0.015770623460412025
0.014429534785449505
0.014833339489996433
0.015252631157636642
0.01224972028285265
0.014125850051641464
0.015606418251991272
0.013419251888990402
0.01660209894180298
0.014515740796923637
0.012887408025562763
0.014380230568349361
0.013083117082715034
0.014043588191270828
0.013158999383449554
0.013515242375433445
0.01426759921014309
0.013848666101694107
0.012583631090819836
0.01393430121243
0.012332811951637268
0.012379840947687626
0.016837073490023613
0.012949417345225811
0.014609788544476032
0.013336178846657276
0.01324335765093565
0.012299468740820885
0.015647737309336662
0.013694359920918941
0.011620122008025646
0.013926956802606583
0.010437416844069958
0.012147895060479641
0.015061252750456333
0.013753403909504414
0.010175632312893867
0.013108178041875362
0.011568027548491955
0.01236002054065466
0.013619356788694859
0.012714474461972713
0.012042686343193054
0.012143339030444622
0.014128511771559715
0.01241516787558794
0.011861415579915047
0.012001670897006989
0.013037399388849735
0.01311354711651802
0.009635943919420242
0.012324761599302292
0.011179503053426743
0.013030734844505787
0.008744322694838047
0.011572989635169506
0.012736877426505089
0.011538318358361721
0.012205785140395164
0.011178579181432724
0.013083897531032562
0.011823608539998531
0.01059164758771658
0.011082259938120842
0.012472236528992653
0.012157512828707695
0.008954825811088085
0.011762470938265324
0.009980329312384129
0.011565616354346275
0.009730618447065353
0.011356567963957787
0.010623576119542122
0.010041880421340466
0.014217437244951725
0.010899651795625687
0.011111925356090069
0.009970501996576786
0.013230766169726849
0.010029232129454613
0.01245434582233429
0.010947752743959427
0.009732370264828205
0.011159947142004967
0.007948743179440498
0.010507295839488506
0.010520925745368004
0.009841721504926682
0.011689499020576477
0.01016389112919569
0.009858306497335434
0.01050668116658926
0.008226072415709496
0.009030569344758987
0.012306686490774155
0.01019427552819252
0.008262326009571552
0.009654207155108452
0.009561631828546524
0.009017161093652248
0.010818028822541237
0.009181047789752483
0.009697537869215012
0.009080289863049984
0.009389050304889679
0.008618681691586971
0.0107137281447649
0.00911058858036995
0.008343721739947796
0.008363868109881878
0.010070678777992725
0.009037795476615429
0.007703834678977728
0.008295255713164806
0.009363644756376743
0.008131188340485096
0.009356461465358734
0.008354083634912968
0.008501078002154827
0.008022609166800976
0.008885464631021023
0.007862184196710587
0.009051131084561348
0.008128328248858452
0.00792332086712122
0.008311043493449688
0.007214509416371584
0.00795426219701767
0.007824876345694065
0.007764352019876242
0.008034155704081059
0.00798612181097269
0.00712039927020669
0.007793741766363382
0.00764525355771184
0.007807744201272726
0.007065224461257458
0.007714835461229086
0.00749936792999506
0.0077157109044492245
0.0071399095468223095
0.007739628199487925
0.006771358195692301
0.007330705411732197
0.007799837738275528
