0.047125719487667084
0.04818284139037132
0.046869076788425446
0.04867662489414215
0.04784812033176422
0.045471303164958954
0.04598895087838173
0.05078685283660889
0.046545207500457764
0.048866353929042816
0.04759316146373749
0.045476410537958145
0.046689216047525406
0.047948792576789856
0.04665512219071388
0.04781898856163025
0.046664394438266754
0.04756650701165199
0.046428583562374115
0.04805115610361099
0.047364573925733566
0.04503290727734566
0.046554677188396454
0.047256238758563995
0.0456991046667099
0.04962509125471115
0.04595967009663582
0.04865124449133873
0.045732516795396805
0.04915289208292961
0.04687804728746414
0.04553424194455147
0.0463937371969223
0.04681425914168358
0.046275679022073746
0.04700673744082451
0.046919599175453186
0.04492175579071045
0.04650811851024628
0.04600125178694725
0.04645334556698799
0.04602375254034996
0.04623420536518097
0.04654159024357796
0.04615042358636856
0.046667348593473434
0.0454675517976284
0.048586055636405945
0.0454389788210392
0.048552073538303375
0.04647429287433624
0.045334137976169586
0.046399135142564774
0.04544000327587128
0.04610679671168327
0.04621727019548416
0.04661116749048233
0.04460475593805313
0.04603980481624603
0.04622634872794151
0.044989921152591705
0.04928519204258919
0.045799680054187775
0.0467706136405468
0.04629835486412048
0.045184019953012466
0.04625634104013443
0.04524313285946846
0.046271879225969315
0.0451175682246685
0.04573701694607735
0.04665341228246689
0.04656452685594559
0.044106293469667435
0.046221889555454254
0.04506758600473404
0.04638056084513664
0.044535502791404724
0.044438496232032776
0.05030350759625435
0.046443503350019455
0.044238097965717316
0.045784395188093185
0.046164195984601974
0.04583918675780296
0.045947957783937454
0.04617961123585701
0.04488016664981842
0.04565034061670303
0.04642995074391365
0.04645226523280144
0.04398144409060478
0.046485841274261475
0.04384255036711693
0.04596171900629997
0.045379359275102615
0.04596569761633873
0.04533911123871803
0.046794354915618896
0.04281788691878319
0.046005506068468094
0.04515771567821503
0.04540693387389183
0.046925149857997894
0.046225447207689285
0.044441282749176025
0.04482048749923706
0.048636890947818756
0.04612136632204056
0.04471736028790474
0.045948680490255356
0.045211680233478546
0.045724984258413315
0.04585602134466171
0.046236611902713776
0.04430925101041794
0.0453091561794281
0.047079458832740784
0.046185318380594254
0.04443434625864029
0.04634692519903183
0.04393467307090759
0.045397158712148666
0.04676740616559982
0.0448031947016716
0.04853222146630287
0.0457707941532135
0.04561982676386833
0.04647485911846161
0.04350098595023155
0.04663561284542084
0.04301149398088455
0.046358607709407806
0.04382950812578201
0.04438053444027901
0.04976094886660576
0.04635509103536606
0.04383643716573715
0.04510640352964401
0.047570373862981796
0.04534655064344406
0.046842772513628006
0.045908909291028976
0.0451502688229084
0.04593663290143013
0.04504857212305069
0.045875854790210724
0.04523494467139244
0.04658692702651024
0.04310005530714989
0.045986905694007874
0.04489661753177643
0.04541786015033722
0.046602196991443634
0.04589918628334999
0.045147281140089035
0.04624940827488899
0.04408816620707512
0.04545409604907036
0.04647804796695709
0.04613633453845978
0.04442351683974266
0.0460812933743
0.0445830263197422
0.045738160610198975
0.0456145815551281
0.0449480265378952
0.04798208549618721
0.04553819075226784
0.046212464570999146
0.044971149414777756
0.04790433123707771
0.04451015964150429
0.049290139228105545
0.0457550473511219
0.04556594789028168
0.04580423980951309
0.04541043937206268
0.045956891030073166
0.04494796693325043
0.04627225175499916
0.044000860303640366
0.04569482430815697
0.045737724751234055
0.04613403230905533
0.04440904036164284
0.04484887421131134
0.048271555453538895
0.04591516777873039
0.04506414756178856
0.04631223902106285
0.043875452131032944
0.04635460674762726
0.043764445930719376
0.045804157853126526
0.04539759084582329
0.044757526367902756
0.04853514954447746
0.045523688197135925
0.0462467223405838
0.04508664831519127
0.04755784943699837
0.0462535135447979
0.04405111074447632
0.044990066438913345
0.04783838987350464
0.046256449073553085
0.04405655339360237
0.04579993337392807
0.04541949927806854
0.045735590159893036
0.04560910165309906
0.04585245996713638
0.0452582910656929
0.04676114395260811
0.042527440935373306
0.04627218842506409
0.043998245149850845
0.045698024332523346
0.045729439705610275
0.04634919762611389
0.04377817362546921
0.04528691992163658
0.04696269705891609
0.046778999269008636
0.042478837072849274
0.045511238276958466
0.046287499368190765
0.04609695449471474
0.044515371322631836
0.04596390202641487
0.044927287846803665
0.0455925390124321
0.046030085533857346
0.04550494998693466
0.04630023241043091
0.04619811475276947
0.044234201312065125
0.045788899064064026
0.04544192552566528
0.04545778036117554
0.046449288725852966
0.04588809236884117
0.04514258727431297
0.0447462722659111
0.04857004061341286
0.045924942940473557
0.04503585398197174
0.04567084461450577
0.045800622552633286
0.04497575759887695
0.047868337482213974
0.046406231820583344
0.04359570890665054
0.046384867280721664
0.0436556376516819
0.04690568521618843
0.04209465906023979
0.04546017944812775
0.046424854546785355
0.045005783438682556
0.04778590425848961
0.04559788480401039
0.046018410474061966
0.046399205923080444
0.04361245781183243
0.046638600528240204
0.042897116392850876
0.04525128751993179
0.04706253856420517
0.044755712151527405
0.048546433448791504
0.04621768742799759
0.04416166618466377
0.04512225091457367
0.04744686931371689
0.044874660670757294
0.04817994311451912
0.04634008929133415
0.04379240795969963
0.0456659272313118
0.04581013321876526
0.046212587505578995
0.04416768252849579
0.045495327562093735
0.04633008688688278
0.04490784928202629
0.048086460679769516
0.04642817750573158
0.043529901653528214
0.04575236141681671
0.04555196687579155
0.044568877667188644
0.04908883944153786
0.04600590094923973
0.04478047788143158
0.046340759843587875
0.043807096779346466
0.04523376002907753
0.04710514098405838
0.04563911259174347
0.04590729624032974
0.045436203479766846
0.04650908336043358
0.04429962858557701
0.04990929737687111
0.046371448785066605
0.04370097815990448
0.04604380205273628
0.04467692971229553
0.046597838401794434
0.043007802218198776
0.0458478145301342
0.04529259353876114
0.04532468691468239
0.046836599707603455
0.0447729155421257
0.04850500077009201
0.04605713486671448
0.04462733864784241
0.04595417529344559
0.04495055228471756
0.04618343338370323
0.04424933344125748
0.04609125852584839
0.04453117400407791
0.04575761407613754
0.04552123323082924
0.045195695012807846
0.04723716154694557
0.0461285375058651
0.04440589249134064
0.04639238491654396
0.04362126439809799
0.046209704130887985
0.04419805854558945
0.046158406883478165
0.0443384051322937
0.04576347768306732
0.04552515223622322
0.04568030685186386
0.045767709612846375
0.046381644904613495
0.04366172105073929
0.04562947526574135
0.04591499641537666
0.04561832547187805
0.04594428837299347
0.045685939490795135
0.04576534032821655
0.04551015421748161
0.04627660661935806
0.04528205096721649
0.04698064550757408
0.04485991969704628
0.04823838174343109
0.04582589864730835
0.04533550888299942
0.046163469552993774
0.044320520013570786
0.045859310775995255
0.045209188014268875
0.04536544159054756
0.04670992121100426
0.045064784586429596
0.047617848962545395
0.04588077962398529
0.045184239745140076
0.046783849596977234
0.04248503968119621
0.04525485634803772
0.04704885184764862
0.04649116098880768
0.04333312436938286
0.04572111740708351
0.04566444829106331
0.04588357359170914
0.04517309367656708
0.04605789855122566
0.044655803591012955
0.045736733824014664
0.04561472684144974
0.0451265349984169
0.047413747757673264
0.04537467658519745
0.046664632856845856
0.0453651137650013
0.0467064306139946
0.04485834017395973
0.04823089390993118
0.04634123295545578
0.04377394914627075
0.04624656215310097
0.04407065361738205
0.04467035457491875
0.04881634563207626
0.045974455773830414
0.04490691423416138
0.04570178687572479
0.04572242870926857
0.045602865517139435
0.04599127173423767
0.04613678529858589
0.044396232813596725
0.04633539542555809
0.04380838945508003
0.04543006792664528
0.04652078077197075
0.04605875536799431
0.04463321343064308
0.04480048269033432
0.04840666800737381
0.04635072499513626
0.04377160593867302
0.045972928404808044
0.044905610382556915
0.04633740335702896
0.04381836950778961
0.04582551121711731
0.04533275216817856
0.04480154812335968
0.04841379076242447
0.04599998891353607
0.04482444375753403
0.04632284864783287
0.04384491965174675
0.04613298177719116
0.0444096177816391
0.04591227322816849
0.04507322981953621
0.04590293765068054
0.04510471969842911
0.04654179513454437
0.043196503072977066
0.04701504111289978
0.04176468029618263
0.04470948129892349
0.048678282648324966
0.04618781805038452
0.04425639659166336
0.04585665836930275
0.04526212438941002
0.04617930203676224
0.0442807674407959
0.04602345824241638
0.044728122651576996
0.04613012075424194
0.0444181002676487
0.04473385214805603
0.04859521612524986
0.04505431652069092
0.04762828350067139
0.045601166784763336
0.04601672291755676
0.045601341873407364
0.04600972309708595
0.045421067625284195
0.04655645787715912
0.04618603736162186
0.04425906389951706
0.045187607407569885
0.04725490137934685
0.045656926929950714
0.04585571587085724
0.045949891209602356
0.04498448967933655
0.04580968618392944
0.04538247734308243
0.04593605175614357
0.04500104859471321
0.04474111646413803
0.04861054942011833
0.04565669968724251
0.045846857130527496
0.04638730362057686
0.04365166649222374
0.04495234042406082
0.04796148091554642
0.04555992782115936
0.04611766338348389
0.0456886813044548
0.04575243592262268
0.04594959691166878
0.04497966542840004
0.04481309652328491
0.048363398760557175
0.045297443866729736
0.0469234324991703
0.045975882560014725
0.044878505170345306
0.046059321612119675
0.04461675137281418
0.046263888478279114
0.04402574524283409
0.04631376639008522
0.04387042298913002
0.04585675895214081
0.045232538133859634
0.045952457934617996
0.04495229199528694
0.04645835608243942
0.04343484342098236
0.045817531645298004
0.04538184404373169
0.045900486409664154
0.045092519372701645
0.045344509184360504
0.04677129164338112
0.04557565599679947
0.04606916382908821
0.046099431812763214
0.044518034905195236
0.046089135110378265
0.0445450134575367
0.04669101908802986
0.042734742164611816
0.04629070311784744
0.043929386883974075
0.04463440924882889
0.048902373760938644
0.04538961499929428
0.04664997383952141
0.04528176784515381
0.046946655958890915
0.04572489112615585
0.045627348124980927
0.04567250981926918
0.045792147517204285
0.04524796083569527
0.04707008972764015
0.044865600764751434
0.04824090376496315
0.046234022825956345
0.04412752389907837
0.044824857264757156
0.04834209755063057
0.045993734151124954
0.044809289276599884
0.044825486838817596
0.04832933470606804
0.04579874128103256
0.04540564864873886
0.04628072306513786
0.043975941836833954
0.045806825160980225
0.045389994978904724
0.0445590615272522
0.049126897007226944
0.045252904295921326
0.04706713929772377
0.045544955879449844
0.04618991166353226
0.04505148157477379
0.04764833673834801
0.04617802053689957
0.0442609079182148
0.04455962032079697
0.04912933334708214
0.0459362231194973
0.04499274119734764
0.045746706426143646
0.04556962102651596
0.04584885761141777
0.045266326516866684
0.044957730919122696
0.047930680215358734
0.04617761820554733
0.04427916556596756
0.045652300119400024
0.04584938660264015
0.046221453696489334
0.044137608259916306
0.04676429554820061
0.04252021387219429
0.046236880123615265
0.044105783104896545
0.046586692333221436
0.043039266020059586
0.04517385736107826
0.04729388281702995
0.04615061357617378
0.04436756297945976
0.04658781737089157
0.043058861047029495
0.045691221952438354
0.04572691395878792
0.04606153070926666
0.044627632945775986
0.04590655118227005
0.04511362686753273
0.046042636036872864
0.04467827454209328
0.04596748575568199
0.04494256526231766
0.04448319599032402
0.04934338852763176
0.04615342989563942
0.04434780776500702
0.04518548399209976
0.04724340885877609
