5815.707592773438
4510.837414550781
3376.2444091796874
2423.80205078125
1650.4120849609376
1050.9469970703126
620.8975936889649
355.37850189208984
214.04134292602538
158.03550186157227
138.92800598144532
126.00779876708984
114.93643417358399
104.67925682067872
95.06732978820801
86.02037925720215
77.5190502166748
69.56963653564453
62.15255966186523
55.23246841430664
48.83945846557617
42.97869472503662
37.601599884033206
32.72485303878784
28.33232364654541
24.42227373123169
20.986655139923094
18.014256858825682
15.462464189529419
13.372693061828613
11.695956659317016
10.421290063858033
9.580727672576904
9.189505624771119
9.091906690597535
9.081480121612548
9.077311992645264
9.068717765808106
9.066316843032837
9.071549272537231
9.057752752304078
9.06043882369995
9.059179449081421
9.047491598129273
9.05102071762085
9.04912714958191
9.039889907836914
9.03882737159729
9.042866086959839
9.028050756454467
9.030948925018311
9.028302860260009
9.01679186820984
9.015772294998168
9.01257610321045
9.007459259033203
8.999287509918213
9.004293775558471
8.989071989059449
8.988010168075562
8.983178853988647
8.975231790542603
8.972649145126343
8.974028587341309
8.963703727722168
8.963080787658692
8.961063528060913
8.951985073089599
8.948909902572632
8.948640727996827
8.93752646446228
8.937619590759278
8.935258483886718
8.928398323059081
8.923193407058715
8.927728748321533
8.912900447845459
8.914187860488891
8.909292078018188
8.90365195274353
8.898623847961426
8.902600479125976
8.89332137107849
8.892110586166382
8.89392786026001
8.884727954864502
8.883227443695068
8.881419706344605
8.874309206008911
8.87042236328125
8.874605751037597
8.866138648986816
8.866233491897583
8.862882947921753
8.855695772171021
8.85302677154541
8.85297908782959
8.846410846710205
8.843508291244508
8.845677471160888
8.835796976089478
8.837358713150024
8.834871196746827
8.832624292373657
8.828499126434327
8.832033061981202
8.823225402832032
8.824969720840453
8.822838640213012
8.82242817878723
8.819890546798707
8.820884466171265
8.816549110412598
8.818094778060914
8.814583587646485
8.813518476486205
8.813203144073487
8.815570402145386
8.810106468200683
8.8139018535614
8.812984704971313
8.808612394332886
8.808444166183472
8.808395385742188
8.804636526107789
8.807840585708618
8.811103343963623
8.809197378158569
8.809533023834229
8.811414861679078
8.809032726287843
8.808565473556518
8.810412073135376
8.80733528137207
8.80949387550354
8.80754475593567
8.807198667526245
8.80730323791504
8.809000396728516
8.803664016723634
8.803468894958495
8.802038955688477
8.79514651298523
8.797342348098756
8.79413456916809
8.793430376052857
8.790045976638794
8.79320650100708
8.784814834594727
8.785188055038452
8.780553674697876
8.778318166732788
8.774907302856445
8.77455759048462
8.768731689453125
8.769538688659669
8.76510238647461
8.761641216278075
8.758427047729493
8.757013463974
8.751660776138305
8.751948404312134
8.750227737426759
8.744823503494263
8.74184422492981
8.741276693344116
8.736198377609252
8.732682085037231
8.731292057037354
8.72511591911316
8.724478006362915
8.721978521347046
8.720351600646973
8.717819690704346
8.718123960494996
8.71443305015564
8.71549367904663
8.712620210647582
8.709625673294067
8.708943796157836
8.712192106246949
8.707673168182373
8.708503675460815
8.71088466644287
8.704703235626221
8.708191728591919
8.70565676689148
8.70599365234375
8.705478429794312
8.709410572052002
8.708247566223145
8.708785581588746
8.709633016586304
8.708033657073974
8.706107425689698
8.706275367736817
8.701877927780151
8.70257019996643
8.699502754211426
8.697124814987182
8.695415210723876
8.697771453857422
8.691552591323852
8.694707250595092
8.693571710586548
8.692496013641357
8.694416761398315
8.697313117980958
8.69795889854431
8.698714447021484
8.705566835403442
8.701827096939088
8.706005477905274
8.70525302886963
8.707256364822388
8.708791923522949
8.715158557891845
8.713109970092773
8.717225170135498
8.71844711303711
8.71838092803955
8.719961643218994
8.723019313812255
8.721821737289428
8.7255624294281
8.730927324295044
8.72871208190918
8.732526493072509
8.734840822219848
8.734738492965699
8.735855102539062
8.739258861541748
8.736456918716431
8.740667963027954
8.74072985649109
8.743327426910401
8.744709396362305
8.74955220222473
8.74553165435791
8.75185170173645
8.749172973632813
8.75117630958557
8.750891256332398
8.756928777694702
8.753864097595216
8.75877833366394
8.761224794387818
8.758455276489258
8.760803079605102
8.761484146118164
8.763706922531128
8.761091184616088
8.768305206298828
8.765252256393433
8.767468690872192
8.769588661193847
8.768235206604004
8.769485330581665
8.771944570541383
8.770777320861816
8.773795127868652
8.774720001220704
8.774648952484132
8.775405025482177
8.77848687171936
8.776543426513673
8.778001165390014
8.779955673217774
8.777725648880004
8.77894229888916
8.783046293258668
8.781208372116089
8.783184957504272
8.786524534225464
8.783815479278564
8.78629665374756
8.78613977432251
8.788103914260864
8.7882248878479
8.79425868988037
8.792389869689941
8.797586917877197
8.798212003707885
8.797369766235352
8.79647512435913
8.800236654281616
8.796122455596924
8.798542070388795
8.799041938781738
8.795661783218383
8.79721450805664
8.797375583648682
8.796224069595336
8.794007730484008
8.79804310798645
8.793729448318482
8.79565749168396
8.795631837844848
8.796053743362426
8.795248746871948
