0.04729674756526947
0.04974483326077461
0.04667295888066292
0.050871651619672775
0.047395892441272736
0.04724343493580818
0.03607211634516716
0.043140217661857605
0.031633928418159485
0.03180703520774841
0.023832974955439568
0.024971678853034973
0.01773654855787754
0.020220888778567314
0.017115576192736626
0.015285976231098175
0.015120705589652061
0.01902218908071518
0.014522748999297619
0.01856742799282074
0.014945587143301964
0.01609962433576584
0.015292680822312832
0.014961888082325459
0.014367382973432541
0.016333328559994698
0.01541446428745985
0.012632280588150024
0.01450828742235899
0.014764218591153622
0.014726617373526096
0.013666345737874508
0.01472223550081253
0.013276682235300541
0.014401143416762352
0.013650081120431423
0.015343183651566505
0.011476260609924793
0.015093043446540833
0.011154871433973312
0.014268568716943264
0.012978548184037209
0.013537442311644554
0.014685561880469322
0.01400301605463028
0.013761765323579311
0.012525035999715328
0.017106851562857628
0.013739665038883686
0.013006391935050488
0.013534022495150566
0.01286856085062027
0.013733168132603168
0.01219505537301302
0.01380004733800888
0.011051503010094166
0.013156124390661716
0.012480325996875763
0.012888268567621708
0.012935129925608635
0.012136589735746384
0.014310072176158428
0.01276388205587864
0.011737314984202385
0.013405609875917435
0.009366542100906372
0.012921280227601528
0.010538903065025806
0.011859934777021408
0.012748725712299347
0.012315737083554268
0.010958115570247173
0.012066253460943699
0.010967203415930271
0.012210671789944172
0.009924771264195442
0.011349131353199482
0.011952501721680164
0.01128265168517828
0.011912846937775612
0.01108245737850666
0.012212702073156834
0.010352078825235367
0.013487592339515686
0.01070011593401432
0.011767334304749966
0.011327484622597694
0.009536096826195717
0.010972585529088974
0.010067868046462536
0.010687794536352158
0.010553110390901566
0.011253958567976952
0.008472182787954807
0.010023283772170544
0.011970840394496918
0.010379910469055176
0.009660370647907257
0.01057460717856884
0.008777412585914135
0.010244728066027164
0.009575520642101765
0.009762154892086983
0.010133020579814911
0.00983019545674324
0.010142647661268711
0.00986381247639656
0.009231090545654297
0.009343099780380726
0.010263708420097828
0.00972661655396223
0.008728810586035252
0.009650460444390774
0.009081321768462658
0.009211687371134758
0.0100480355322361
0.00913655199110508
0.009616727940738201
0.009490324184298515
0.008441463112831116
0.008990181609988213
0.009405749849975109
0.0090523362159729
0.008954167366027832
0.009129403159022331
0.008377877995371819
0.008203770965337753
0.010747922584414482
0.008633985184133053
0.009146819822490215
0.008714219555258751
0.008787871338427067
0.008904996328055859
0.007852219976484776
0.008678998798131943
0.008269979618489742
0.00837995857000351
0.00888969749212265
0.008771292865276337
0.0076208035461604595
0.008351597934961319
0.008960855193436146
0.008443793281912804
0.008174481801688671
0.007835828699171543
0.009689293801784515
0.008528780192136765
0.0074136629700660706
0.008253690786659718
0.007929262705147266
0.008195777423679829
0.007982260547578335
0.007727907970547676
0.009330161847174168
0.008411836810410023
0.007002025377005339
0.007969516329467297
0.00839022733271122
0.008089168928563595
0.007485602051019669
0.007805292960256338
0.008434364572167397
0.007313599344342947
0.009634817019104958
0.00787142850458622
0.007985387928783894
0.007666454650461674
0.008105390705168247
0.007993986830115318
0.007075509522110224
0.00774186197668314
0.007482070010155439
0.007441680878400803
0.008299890905618668
0.007398658897727728
0.008469902910292149
0.007295885123312473
0.008458385244011879
0.00779151264578104
0.007203885354101658
0.007446441799402237
0.007712670136243105
0.007640188559889793
0.007234497461467981
0.00750676728785038
0.007237690966576338
0.007293774280697107
0.007752797566354275
0.006993357092142105
0.008521691896021366
0.007637420669198036
0.006549591198563576
0.007392043247818947
0.007084569428116083
0.007363432087004185
0.007643257267773151
0.007430893834680319
0.006862904876470566
0.0070018344558775425
0.008040003478527069
0.0075522614642977715
0.006360480096191168
0.00711381109431386
0.007638816721737385
0.006786567624658346
0.008304262533783913
0.007348737213760614
0.006607338320463896
0.007021678611636162
0.007366602309048176
0.006756145972758532
0.008017787709832191
0.007028687745332718
0.007088621612638235
0.007110454607754946
0.007065287325531244
0.007189102470874786
0.006504020653665066
0.007249778136610985
0.006334253121167421
0.007177816703915596
0.006309883669018745
0.007086866535246372
0.006498765200376511
0.006803186144679785
0.00735404621809721
0.006921632215380669
0.007025943603366613
0.006896510720252991
0.006986050866544247
0.006617199629545212
0.007569057866930962
0.006366303190588951
0.00825788825750351
0.007025548722594976
0.006232177838683128
0.006805574055761099
0.007157222833484411
0.006943058222532272
0.00635064160451293
0.006905531510710716
0.00643885089084506
0.006723422557115555
0.007024731952697039
0.006869486533105373
0.0063683646731078625
0.006812514737248421
0.006500124465674162
0.006649693939834833
0.007140095345675945
0.006284100469201803
0.008055293001234531
0.006621468346565962
0.007160271983593702
0.006721838377416134
0.006735857576131821
0.0066871861927211285
0.006715147756040096
0.006893082521855831
0.006080447230488062
0.006773394998162985
0.006582057103514671
0.006547998171299696
0.006928962655365467
0.0067017897963523865
0.0064177620224654675
0.006372272968292236
0.007338852621614933
0.006584738846868277
0.006677585653960705
0.006771380547434092
0.006069387309253216
0.006300711072981358
0.007531158160418272
0.006585105787962675
0.006590230390429497
0.006713038310408592
0.006120570003986359
0.006246579345315695
0.0075349146500229836
0.006500047631561756
0.006847518030554056
0.006454480811953545
0.006823809817433357
0.0065680681727826595
0.006434513721615076
0.006787856575101614
0.005759811494499445
0.006576374638825655
0.006393325049430132
0.006408792454749346
0.0067881750874221325
0.006603074260056019
0.006193370558321476
0.006670888513326645
0.005950237158685923
0.006226486060768366
0.007235769648104906
0.00663852971047163
0.005973859690129757
0.006409311667084694
0.006680212449282408
0.0062636565417051315
0.007013669237494469
0.0064600687474012375
0.006505889352411032
0.006558185908943415
0.006150475703179836
0.006484434939920902
0.006275112275034189
0.006521020084619522
0.006140545010566711
0.006083607207983732
0.00743321655318141
0.006355506833642721
0.006571975536644459
0.006640348583459854
0.00568748451769352
0.0063230558298528194
0.0066465833224356174
0.0062698195688426495
0.0067619867622852325
0.006577824242413044
0.005829426925629377
0.00639759749174118
0.006322859786450863
0.006227994803339243
0.006801161449402571
0.006278107408434153
0.00660454947501421
0.006159170530736446
0.006909222807735205
0.006296287756413221
0.006546128541231155
0.0062101478688418865
0.006717229727655649
0.006046941038221121
0.007159000262618065
0.00633731996640563
0.0063365912064909935
0.0060618906281888485
0.007099575828760862
0.006467836443334818
0.005829943343997002
0.00626895809546113
0.00639360910281539
0.006482355762273073
0.005794471595436335
0.0062941755168139935
0.006256429478526115
0.006335982587188482
0.006114557851105928
0.006449713371694088
0.005832761060446501
0.006129091139882803
0.006691809743642807
0.006182897370308638
0.006537025794386864
0.006090579554438591
0.0067308684810996056
0.006438469048589468
0.005751191172748804
0.006371242459863424
0.006027716677635908
0.006219515576958656
0.006324319634586573
0.006061872001737356
0.006730486638844013
0.006391674745827913
0.005962350871413946
0.006509731058031321
0.005639958195388317
0.006001050118356943
0.006992891896516085
0.006249216850847006
0.0060860589146614075
0.006067784037441015
0.006572299171239138
0.006044333800673485
0.006680333521217108
0.006354992277920246
0.00571270240470767
0.0062759751453995705
0.0059913028962910175
0.006011377554386854
0.0068073696456849575
0.006128715351223946
0.006316592916846275
0.006336913909763098
0.005683544557541609
0.006117957644164562
0.006298397667706013
0.006056533195078373
0.006438590120524168
0.005974586587399244
0.006684340536594391
0.006323597859591246
0.005591253750026226
0.006074606906622648
0.006317434832453728
0.0063635376282036304
0.005444797687232494
0.006048863288015127
0.006394078489392996
0.006086209323257208
0.006269693840295076
0.006104165688157082
0.006123081315308809
0.006318662781268358
0.005526227410882711
0.00612768204882741
0.00603308854624629
0.0062174987979233265
0.0057785785757005215
0.006212417036294937
0.005745049566030502
0.006141628138720989
0.005921607371419668
0.005859351716935635
0.00674034096300602
0.006168642081320286
0.005789870396256447
0.005885389167815447
0.0066430759616196156
0.006217254791408777
0.0057738833129405975
0.006292049773037434
0.005459149833768606
0.006150560919195414
0.005772158037871122
0.006075589451938868
0.005982091184705496
0.006052968557924032
0.006027658935636282
0.005671720951795578
0.0071723549626767635
0.006162136793136597
0.005670114886015654
0.006190313491970301
0.0055828639306128025
0.006220665760338306
0.0055031306110322475
0.0060658263973891735
0.0059054200537502766
0.005769398063421249
0.006804537493735552
0.006001907866448164
0.006270715035498142
0.006289513781666756
0.0054794191382825375
0.005960158538073301
0.006232385989278555
0.00593177042901516
0.006228200159966946
0.006073601543903351
0.00588792422786355
0.006275963969528675
0.005519281141459942
0.006169026717543602
0.005486238282173872
0.005885528400540352
0.006282968912273645
0.00603859219700098
0.005823055747896433
0.005992007441818714
0.006000086199492216
0.005697526037693024
0.0068116141483187675
0.006192196160554886
0.005452984012663364
0.005935883615165949
0.006299037020653486
0.006170594599097967
0.005363167263567448
0.006049165036529303
0.005658374633640051
0.006067104637622833
0.005694286432117224
0.006100453902035952
0.005556593649089336
0.005698691587895155
0.006707388907670975
0.005926935002207756
0.005992666818201542
0.00595594709739089
0.005895174574106932
0.0059599909000098705
0.005875542759895325
0.006079971324652433
0.005564037244766951
0.00608452083542943
0.005476024467498064
0.00607737060636282
0.005473054014146328
0.006056612823158503
0.005500648636370897
0.00609588110819459
0.005352489184588194
0.005866222083568573
0.006066560745239258
0.005605053622275591
0.006805115845054388
0.0056699649430811405
0.0066061364486813545
0.006061405874788761
0.005434458144009113
0.0058258529752492905
0.006123434752225876
0.005938243120908737
0.00577827962115407
0.005897186696529388
0.006143998820334673
0.005925314035266638
0.0057715363800525665
0.005792742595076561
0.006170633248984814
0.0060468208976089954
0.0054352544248104095
0.005821306258440018
0.0060677481815218925
0.005815968383103609
0.006123873870819807
0.005846097599714994
0.006003802642226219
0.005811766721308231
0.0060338908806443214
0.005799842067062855
0.006142697762697935
0.005910400301218033
0.0057130311615765095
0.006016734521836042
0.005505896173417568
0.005910444539040327
0.005726586561650038
0.0058027589693665504
0.006015314254909754
0.005750047974288464
0.006174176931381226
0.00588708370923996
0.005758129060268402
0.005597969982773066
0.006606093142181635
0.005769283976405859
0.006050760857760906
0.005890338681638241
0.005745180882513523
0.005636347457766533
0.006436851341277361
0.005906359292566776
0.005702568683773279
0.005812858697026968
0.006060335785150528
0.005861159414052963
0.005757905077189207
0.005988101940602064
0.00532291317358613
0.005992387421429157
0.005334652028977871
0.005996607709676027
0.005344986449927092
0.005978199653327465
0.005329509265720844
0.005957946181297302
0.005376921966671944
0.005723224952816963
0.006121241953223944
0.005952503532171249
0.005392107646912336
0.005789073184132576
0.0058870925568044186
0.005908743944019079
0.005515486467629671
0.005848925560712814
0.00568806566298008
0.005543955136090517
0.006915139500051737
0.005336892791092396
0.007219722028821707
0.005803608801215887
0.005821250844746828
0.005698131397366524
0.006077112630009651
0.005730421748012304
0.006094648502767086
0.005846313666552305
0.005639183800667524
0.005921779200434685
0.005431474186480045
0.00581522099673748
0.0057895248755812645
0.005923862103372812
0.005342262331396341
0.005936276167631149
0.005278632510453463
0.005701516754925251
0.0060108802281320095
0.005703298840671778
0.005984528921544552
0.005618227645754814
0.006222161464393139
