0.04745003953576088
0.0465228371322155
0.04802564159035683
0.04448111355304718
0.04641038179397583
0.04902197793126106
0.04654587805271149
0.048321690410375595
0.04728802666068077
0.04581722989678383
0.0470944307744503
0.0461241751909256
0.04607159644365311
0.04891824349761009
0.046688616275787354
0.046799469739198685
0.047183405607938766
0.045058317482471466
0.04682011529803276
0.045893650501966476
0.04664666950702667
0.046171288937330246
0.046642109751701355
0.0459323413670063
0.04657317325472832
0.04590224102139473
0.046523451805114746
0.04581289738416672
0.04617473855614662
0.04661879315972328
0.046553947031497955
0.04525283724069595
0.04636123403906822
0.0455981120467186
0.046099092811346054
0.04615785554051399
0.046137675642967224
0.045817747712135315
0.0462239645421505
0.045337237417697906
0.04607412591576576
0.04556919261813164
0.04571467638015747
0.046429503709077835
0.045718710869550705
0.046198323369026184
0.04641497880220413
0.043896667659282684
0.045877035707235336
0.045301809906959534
0.045816853642463684
0.045272745192050934
0.04521486535668373
0.04687423259019852
0.044605959206819534
0.04850267991423607
0.04566274583339691
0.045130543410778046
0.045173417776823044
0.04640645906329155
0.045360345393419266
0.045651912689208984
0.04549232870340347
0.04506390169262886
0.045100580900907516
0.046045973896980286
0.045487578958272934
0.044695984572172165
0.044926777482032776
0.04619918763637543
0.045484401285648346
0.044336333870887756
0.045046400278806686
0.045472197234630585
0.0444856658577919
0.04697360098361969
0.045045699924230576
0.045117154717445374
0.043533530086278915
0.04948199540376663
0.044912345707416534
0.045169807970523834
0.045289430767297745
0.043871764093637466
0.045726384967565536
0.04239501431584358
0.04454867169260979
0.04575998708605766
0.045899469405412674
0.041549958288669586
0.04480627179145813
0.04466826841235161
0.04415792226791382
0.04645559564232826
0.04473317787051201
0.04457361623644829
0.04386594891548157
0.0470208041369915
0.04422309622168541
0.04579590633511543
0.042942654341459274
0.04948892816901207
0.04500332847237587
0.04315563291311264
0.04481176286935806
0.04358714818954468
0.044416654855012894
0.044625040143728256
0.04522684961557388
0.04205576702952385
0.0437028743326664
0.04648708179593086
0.04450203478336334
0.04395206645131111
0.04390976205468178
0.045593880116939545
0.04345052316784859
0.04683554545044899
0.044986359775066376
0.04209606349468231
0.04371365159749985
0.045785725116729736
0.044275399297475815
0.04397200047969818
0.04487480968236923
0.042042896151542664
0.04403352737426758
0.044438742101192474
0.04466378316283226
0.04242706671357155
0.04409705102443695
0.04400444030761719
0.045119546353816986
0.04081975668668747
0.042389098554849625
0.048892874270677567
0.04455941915512085
0.0422670803964138
0.04449431970715523
0.04235190153121948
0.04412957653403282
0.04333008453249931
0.04403465986251831
0.043501414358615875
0.04433249309659004
0.042502570897340775
0.04443598911166191
0.042085424065589905
0.04359256476163864
0.044510770589113235
0.04381408169865608
0.04374179616570473
0.043825309723615646
0.04360438510775566
0.04299413412809372
0.04599869251251221
0.04453174024820328
0.04128757119178772
0.04348430037498474
0.044331569224596024
0.04325094819068909
0.04493411257863045
0.043661754578351974
0.04360634461045265
0.04293680563569069
0.04568921774625778
0.044468656182289124
0.04100259765982628
0.0439351461827755
0.042514074593782425
0.044272515922784805
0.04141172021627426
0.04371253028512001
0.04300365224480629
0.04277108982205391
0.045742373913526535
0.042066991329193115
0.0477709136903286
0.04350694641470909
0.04337009787559509
0.042558036744594574
0.04613305255770683
0.04191320762038231
0.04798837751150131
0.043853551149368286
0.04208670184016228
0.04237012937664986
0.046460747718811035
0.0445440411567688
0.039861343801021576
0.04360300675034523
0.042611826211214066
0.04371637478470802
0.04219582676887512
0.04427080973982811
0.04046117514371872
0.04242958500981331
0.04591118171811104
0.04269066080451012
0.04506058618426323
0.04427086189389229
0.04025232046842575
0.042980700731277466
0.04405615106225014
0.0438835434615612
0.041279517114162445
0.04283725470304489
0.044355589896440506
0.04290797561407089
0.04407818615436554
0.04367135465145111
0.04172864556312561
0.043057262897491455
0.04350757971405983
0.04334864020347595
0.04256954416632652
0.04239468276500702
0.04537121206521988
0.042970042675733566
0.04358778893947601
0.04383254796266556
0.04094205051660538
0.04381129518151283
0.04094962403178215
0.04171046242117882
0.047194939106702805
0.04222213476896286
0.04560494050383568
0.042808886617422104
0.04379723593592644
0.043077170848846436
0.042939167469739914
0.04156649857759476
0.047417398542165756
0.04326102137565613
0.04228663444519043
0.041996680200099945
0.04602891951799393
0.043820399791002274
0.04051075875759125
0.043185487389564514
0.04237049072980881
0.041322190314531326
0.047916147857904434
0.04315327852964401
0.042370766401290894
0.042755331844091415
0.043522533029317856
0.042995795607566833
0.042752694338560104
0.042820606380701065
0.043236784636974335
0.042686574161052704
0.04359776899218559
0.04249178618192673
0.0441424660384655
0.043706536293029785
0.04045579582452774
0.043637823313474655
0.04061868414282799
0.04187775403261185
0.0458633229136467
0.04249915853142738
0.043961647897958755
0.04209062084555626
0.04514733701944351
0.04238680750131607
0.04422669857740402
0.04348684474825859
0.04089118912816048
0.043994247913360596
0.03933437168598175
0.040573764592409134
0.04956353083252907
0.042765840888023376
0.04295371472835541
0.04296747222542763
0.04231715947389603
0.042475584894418716
0.04376166686415672
0.042642734944820404
0.043226998299360275
0.04138133302330971
0.04698159918189049
0.04136129468679428
0.047016043215990067
0.04409189894795418
0.03879103064537048
0.04300103709101677
0.0420365147292614
0.042038965970277786
0.04489462077617645
0.042708735913038254
0.04285801202058792
0.04309101030230522
0.04168475791811943
0.042941752821207047
0.042109083384275436
0.04171021282672882
0.04577797278761864
0.04202708601951599
0.04480067268013954
0.04171513393521309
0.045714326202869415
0.043031979352235794
0.04174317046999931
0.043674908578395844
0.03979087620973587
0.04331465810537338
0.04084814339876175
0.042935289442539215
0.041962847113609314
0.04292250797152519
0.041980039328336716
0.043298713862895966
0.040829453617334366
0.04317137598991394
0.041193582117557526
0.04356445372104645
0.03999316319823265
0.04326844960451126
0.040862441062927246
0.042412884533405304
0.04341161996126175
0.042763616889715195
0.04234097898006439
0.044243212789297104
0.03788473829627037
0.043270543217659
0.040784019976854324
0.04113549739122391
0.04717187583446503
0.042424947023391724
0.043288055807352066
0.0436592735350132
0.03957086056470871
0.04351213946938515
0.03999447077512741
0.04287314414978027
0.04189317300915718
0.043274447321891785
0.040674034506082535
0.042259760200977325
0.043707478791475296
0.04198523610830307
0.04451783746480942
0.042838290333747864
0.04194442555308342
0.04119718074798584
0.04685386270284653
0.04182521998882294
0.0449572429060936
0.04262182489037514
0.04255673661828041
0.04170757532119751
0.045283254235982895
0.04221119359135628
0.0437617301940918
0.041421446949243546
0.04612372815608978
0.04381602257490158
0.038927994668483734
0.04312468692660332
0.040991008281707764
0.042509760707616806
0.042824722826480865
0.041500523686409
0.04584274813532829
0.04330410808324814
0.04042333737015724
0.042877186089754105
0.041697945445775986
0.04159075394272804
0.04554323852062225
0.04306894913315773
0.04109692946076393
0.04308366775512695
0.04104968160390854
0.04310999810695648
0.040960948914289474
0.04266393929719925
0.04229443892836571
0.04175840690732002
0.04499729350209236
0.04331643879413605
0.04031658545136452
0.04128025472164154
0.046416204422712326
0.042540937662124634
0.04263163357973099
0.04291867837309837
0.041491877287626266
0.044145915657281876
0.03779945150017738
0.04263434559106827
0.04232807457447052
0.04312107712030411
0.0408649779856205
0.04259859398007393
0.04242487624287605
0.04272109642624855
0.04205373302102089
0.04318978637456894
0.04063921049237251
0.04359328746795654
0.03942566737532616
0.044170722365379333
0.037690114229917526
0.042261600494384766
0.043408945202827454
0.04248269274830818
0.04274392127990723
0.04255734756588936
0.042515020817518234
0.04317494109272957
0.04065649211406708
0.04275663569569588
0.04190985485911369
0.04302458465099335
0.041101936250925064
0.042637504637241364
0.04225856810808182
0.04265284538269043
0.04221123084425926
0.04186451435089111
0.04456629231572151
0.04271378368139267
0.04201659560203552
0.043509483337402344
0.03962535411119461
0.043123047798871994
0.04077712818980217
0.04231677204370499
0.04319402948021889
0.042635370045900345
0.04223762825131416
0.04279685392975807
0.04174768924713135
0.04274257272481918
0.0419129803776741
0.04250834137201309
0.04261118918657303
0.04175548627972603
0.044872038066387177
0.04221582040190697
0.04348829761147499
0.04079442843794823
0.04774513840675354
0.04304523766040802
0.0409880205988884
0.041738931089639664
0.04490804672241211
0.04324077069759369
0.040398970246315
0.043424785137176514
0.039843641221523285
0.04288192093372345
0.04146798327565193
0.04294350743293762
0.041283588856458664
0.04303821548819542
0.04099433496594429
0.04326951876282692
0.04030003771185875
0.04342019185423851
0.039848826825618744
0.04128669202327728
0.046243082731962204
0.04183441773056984
0.04459666833281517
0.04303818941116333
0.04099081829190254
0.04135269671678543
0.046049147844314575
0.043068643659353256
0.04089314118027687
0.043831951916217804
0.03860104829072952
0.041413262486457825
0.045861031860113144
0.041389986872673035
0.04592704400420189
0.04309583827853203
0.040812790393829346
0.04260056093335152
0.042295586317777634
0.04225052520632744
0.04334472492337227
0.043052054941654205
0.04093778505921364
0.04247206449508667
0.04267847537994385
0.042424991726875305
0.04282223433256149
0.043487466871738434
0.039633799344301224
0.042349547147750854
0.04304752126336098
0.041058242321014404
0.0469219908118248
0.0413152277469635
0.04615341126918793
0.042767446488142014
0.04179168865084648
0.0425516813993454
0.042436785995960236
0.042467571794986725
0.04269128292798996
0.04295188933610916
0.04123365134000778
0.04170992597937584
0.04496524855494499
0.041266411542892456
0.046288859099149704
0.04280010983347893
0.04168194904923439
0.041593845933675766
0.04530496150255203
0.04297516494989395
0.041158970445394516
0.04270900785923004
0.041956961154937744
0.04292404651641846
0.041320301592350006
0.04276536777615547
0.04179425165057182
0.04070008173584938
0.04798726737499237
0.0427241288125515
0.04191598668694496
0.04374684765934944
0.0388440266251564
0.042815640568733215
0.04164045304059982
0.043121520429849625
0.04072437062859535
0.04192699119448662
0.04430088400840759
0.04324214160442352
0.040362440049648285
0.04348535090684891
0.03962741419672966
0.04144398495554924
0.04575340077280998
0.042914990335702896
0.04133618250489235
0.04160429537296295
0.04527558386325836
0.04117054119706154
0.04656719043850899
0.042478159070014954
0.04263950511813164
0.0433010496199131
0.04017628729343414
0.042473483830690384
0.042662911117076874
0.04284552484750748
0.04154319688677788
0.042348701506853104
0.04303416982293129
0.043412551283836365
0.039846815168857574
0.04226906597614288
0.04327519237995148
0.04217482730746269
0.04356105625629425
0.04332591965794563
0.04011353850364685
0.042542267590761185
0.042468730360269547
0.04079490900039673
0.04770578816533089
0.04192635789513588
0.04430877044796944
0.04227285459637642
0.0432736873626709
0.042815275490283966
0.0416405089199543
0.04282031208276749
0.04161631315946579
0.04317773878574371
0.04055594280362129
0.04325545206665993
0.04032052680850029
0.04274014011025429
0.04186738654971123
0.04228377342224121
0.04323827102780342
0.04263191670179367
0.042193058878183365
0.04234888777136803
0.04303939640522003
0.04175195470452309
0.04483791068196297
0.04171201214194298
0.04495600238442421
0.04282192140817642
0.04162030294537544
0.042908135801553726
0.041358623653650284
