0.048322759568691254
0.04796342924237251
0.04816330224275589
0.04808906838297844
0.04710149019956589
0.05092843249440193
0.04807465523481369
0.047660429030656815
0.047616612166166306
0.04868287593126297
0.048078276216983795
0.0469384640455246
0.046579889953136444
0.05107707157731056
0.048035986721515656
0.04633862152695656
0.047602761536836624
0.04726509377360344
0.047780681401491165
0.04634036123752594
0.04739798232913017
0.047086283564567566
0.047365669161081314
0.04675738513469696
0.04630278795957565
0.049503929913043976
0.04738728329539299
0.04578682780265808
0.0472276397049427
0.045792628079652786
0.04560868814587593
0.05016709864139557
0.046846941113471985
0.045949798077344894
0.04728586971759796
0.04412920027971268
0.04617985710501671
0.046946506947278976
0.04669670760631561
0.044872865080833435
0.04603290557861328
0.04631517454981804
0.04613786190748215
0.045506250113248825
0.046619709581136703
0.043513331562280655
0.04525090008974075
0.047114674001932144
0.044051386415958405
0.0501885712146759
0.045385465025901794
0.04566461220383644
0.04557441547513008
0.044582467526197433
0.04439063370227814
0.047643087804317474
0.04460606724023819
0.046479593962430954
0.04588862508535385
0.04213639348745346
0.0444018580019474
0.04611433297395706
0.044887784868478775
0.04422338679432869
0.04492843151092529
0.04366477578878403
0.04395808279514313
0.04616894945502281
0.044836513698101044
0.04313261806964874
0.0438927486538887
0.0455617755651474
0.04451026767492294
0.043304137885570526
0.044760812073946
0.04220597818493843
0.04439803212881088
0.04295838251709938
0.04335780814290047
0.04578370600938797
0.0428040437400341
0.04711947590112686
0.04451820254325867
0.04172699898481369
0.04401193559169769
0.04295191913843155
0.042719654738903046
0.04662352427840233
0.044524747878313065
0.04096518084406853
0.04242542386054993
0.0470428466796875
0.04280625283718109
0.04567255452275276
0.04294967278838158
0.04507610201835632
0.04362095519900322
0.04287547245621681
0.04371611401438713
0.04238203167915344
0.04288354143500328
0.04475037753582001
0.04409969225525856
0.04095734283328056
0.042778145521879196
0.0447639524936676
0.04426300898194313
0.040226537734270096
0.04338200017809868
0.04271417856216431
0.042889636009931564
0.044066183269023895
0.043729268014431
0.041391558945178986
0.042161572724580765
0.04608376696705818
0.04208279773592949
0.04619630426168442
0.04277180880308151
0.044082868844270706
0.04346799850463867
0.041856687515974045
0.04365260899066925
0.04119042679667473
0.04193718358874321
0.04637037217617035
0.04212689399719238
0.04558359086513519
0.04397117719054222
0.040106501430273056
0.04233450070023537
0.04488088935613632
0.043904032558202744
0.04011637344956398
0.04304690659046173
0.04268611595034599
0.04415907338261604
0.03928428515791893
0.043638113886117935
0.04076530784368515
0.04302980750799179
0.04255583882331848
0.0441613495349884
0.03915269300341606
0.04342624917626381
0.041353512555360794
0.041311945766210556
0.04760175198316574
0.04325658455491066
0.04167536646127701
0.04353344812989235
0.040864497423172
0.04231554642319679
0.04450314864516258
0.04329163208603859
0.04149065539240837
0.04274033010005951
0.043202515691518784
0.0424778126180172
0.0439591258764267
0.04277419671416283
0.04294487461447716
0.042458903044462204
0.043911103159189224
0.04323917254805565
0.041566185653209686
0.04377373307943344
0.03983777016401291
0.043687570840120316
0.040174804627895355
0.04119207710027695
0.04758501052856445
0.04158472269773483
0.046430766582489014
0.043778132647275925
0.039778195321559906
0.042518794536590576
0.04357582703232765
0.04145726189017296
0.04673297703266144
0.04262465983629227
0.04318287968635559
0.041371289640665054
0.04694714397192001
0.04316672682762146
0.041549962013959885
0.043491754680871964
0.04057607427239418
0.042847540229558945
0.0424044094979763
0.04242332652211189
0.04371832311153412
0.04134925454854965
0.04688724875450134
0.041316092014312744
0.04707074910402298
0.04204287752509117
0.04477668181061745
0.04266684874892235
0.04301737993955612
0.041622672230005264
0.04604071378707886
0.04335135221481323
0.04083471745252609
0.04077347740530968
0.048580996692180634
0.04248645901679993
0.043435219675302505
0.04128291830420494
0.046959687024354935
0.042777180671691895
0.04249202460050583
0.04370495304465294
0.03977068513631821
0.042514823377132416
0.043317027390003204
0.042749110609292984
0.042548730969429016
0.044000983238220215
0.038795094937086105
0.04354029521346092
0.04018868878483772
0.04118669405579567
0.04726053774356842
0.04243118688464165
0.043447673320770264
0.043312087655067444
0.040804024785757065
0.041938167065382004
0.04493099823594093
0.04292144253849983
0.04200291261076927
0.04272681102156639
0.042563699185848236
0.04080574959516525
0.04831813648343086
0.04280342906713486
0.04230235144495964
0.042961135506629944
0.04177316278219223
0.0418609082698822
0.045118581503629684
0.04293593391776085
0.04184263199567795
0.04268680140376091
0.04260954633355141
0.042568180710077286
0.042982880026102066
0.042940445244312286
0.04187621921300888
0.043024543672800064
0.04154061898589134
0.04274939000606537
0.042353902012109756
0.04247114062309265
0.04319443181157112
0.04183715954422951
0.04510999843478203
0.04126308113336563
0.04683374986052513
0.04370329529047012
0.03945743665099144
0.042473822832107544
0.043122805655002594
0.04338168725371361
0.04040985181927681
0.04246244952082634
0.04316379874944687
0.04087590426206589
0.047929417341947556
0.04306777939200401
0.04131079465150833
0.043165504932403564
0.041061557829380035
0.04164976254105568
0.045533061027526855
0.04301821067929268
0.04146266356110573
0.043179865926504135
0.04097771644592285
0.04160333052277565
0.04568534344434738
0.04264848306775093
0.04252117499709129
0.042382705956697464
0.04329494759440422
0.042978085577487946
0.04150800034403801
0.042541611939668655
0.042818766087293625
0.042091187089681625
0.04417036473751068
0.04234965145587921
0.04337693378329277
0.04395425692200661
0.03852923586964607
0.04340827092528343
0.040156856179237366
0.04339391365647316
0.04019421711564064
0.0432877317070961
0.04049324616789818
0.0422070249915123
0.04375473037362099
0.04319817200303078
0.04073665663599968
0.042486440390348434
0.04286310821771622
0.04324395954608917
0.040610287338495255
0.04321231320500374
0.040698714554309845
0.043782323598861694
0.038933154195547104
0.040329430252313614
0.04928140342235565
0.04323193058371544
0.040576718747615814
0.04199182987213135
0.04426676034927368
0.04228052869439125
0.04340710490942001
0.042471274733543396
0.042837440967559814
0.04185686632990837
0.04466862604022026
0.041410475969314575
0.04595451429486275
0.04348209500312805
0.03973643109202385
0.04174892604351044
0.04494379088282585
0.042721498757600784
0.04202413558959961
0.04052761197090149
0.04857446253299713
0.04281007871031761
0.04170462489128113
0.04264264181256294
0.04219568520784378
0.043417736887931824
0.039847906678915024
0.04263770952820778
0.0421951562166214
0.04297966882586479
0.041134607046842575
0.04217944294214249
0.043532393872737885
0.04306316748261452
0.04084749147295952
0.04211468622088432
0.043673958629369736
0.042907893657684326
0.041294462978839874
0.04155871644616127
0.04534804821014404
0.04161118343472481
0.04514583200216293
0.042898111045360565
0.04128759726881981
0.04077080637216568
0.04764460772275925
0.04342091456055641
0.03966595232486725
0.043095655739307404
0.04062946140766144
0.04315093904733658
0.04045533016324043
0.04353734478354454
0.039286307990550995
0.0444943793118
0.03639942407608032
0.040463805198669434
0.048470523208379745
0.04355480521917343
0.03917364031076431
0.042674656957387924
0.04179796203970909
0.042674947530031204
0.04178231209516525
0.04060376062989235
0.04796473681926727
0.043265603482723236
0.039972733706235886
0.04270603507757187
0.041635219007730484
0.04146062582731247
0.045354798436164856
0.04169301316142082
0.04464859887957573
0.043269477784633636
0.03989436849951744
0.04269995912909508
0.0415935143828392
0.042660076171159744
0.04169469699263573
0.0420478917658329
0.04351160675287247
0.04338265582919121
0.03948717564344406
0.04134082794189453
0.04560139775276184
0.04284033924341202
0.04109351709485054
0.042741745710372925
0.04136862978339195
0.042402125895023346
0.0423680804669857
0.0409737154841423
0.04663901776075363
0.04339827597141266
0.039358265697956085
0.04282277077436447
0.04105615243315697
0.04248858615756035
0.04204653203487396
0.04232116416096687
0.04253041371703148
0.04235120117664337
0.04242902994155884
0.04203860089182854
0.043355293571949005
0.043647393584251404
0.03851788118481636
0.04194549098610878
0.04360971599817276
0.04288409650325775
0.04077364504337311
0.04235608130693436
0.042344849556684494
0.04213183745741844
0.04301046207547188
0.042459722608327866
0.04200361669063568
0.04203499108552933
0.04327354207634926
0.04075948894023895
0.04708775877952576
0.04094572365283966
0.04651487618684769
0.04328380897641182
0.03948604688048363
0.040696609765291214
0.04723624512553215
0.04284261167049408
0.0407869890332222
0.042503878474235535
0.04179135710000992
0.0427858904004097
0.040936365723609924
0.04253556951880455
0.04167286679148674
0.04275529831647873
0.041005201637744904
0.043028298765420914
0.04017671197652817
0.043499626219272614
0.03875505179166794
0.04125051572918892
0.04548944532871246
0.04198672994971275
0.04327002912759781
0.043554823845624924
0.038557495921850204
0.041169531643390656
0.045705463737249374
0.040962085127830505
0.04631642624735832
0.043340474367141724
0.039173711091279984
0.042267587035894394
0.042385395616292953
0.04055214300751686
0.0475216880440712
0.04232614487409592
0.04219141602516174
0.04293740540742874
0.04034970700740814
0.04169600456953049
0.04406871646642685
0.04214491695165634
0.04271236062049866
0.04264674335718155
0.041202057152986526
0.04211265593767166
0.042800650000572205
0.04159404709935188
0.0443439744412899
0.04138960316777229
0.04495631903409958
0.04239015653729439
0.041946858167648315
0.04193791002035141
0.043297648429870605
0.039969734847545624
0.0491989366710186
0.041683413088321686
0.04405246302485466
0.04265234246850014
0.041138771921396255
0.04242924600839615
0.041803810745477676
0.04253751412034035
0.0414729118347168
0.04050825908780098
0.04755716025829315
0.042843274772167206
0.04054806008934975
0.04177861660718918
0.043737612664699554
0.042152050882577896
0.0426098108291626
0.042986202985048294
0.040106091648340225
0.04298748821020126
0.04009521007537842
0.041379593312740326
0.04491814970970154
0.04095575213432312
0.04618426039814949
0.041057806462049484
0.04587634280323982
0.04340006038546562
0.03884836286306381
0.04295789822936058
0.04017006605863571
0.043303459882736206
0.03913075476884842
0.04139634966850281
0.04485219344496727
0.042846109718084335
0.04050073027610779
0.04235242307186127
0.04197923094034195
0.04246573522686958
0.041634783148765564
0.0412738099694252
0.045207854360342026
0.04353848472237587
0.03841308504343033
0.04245477169752121
0.04165913164615631
0.042094286531209946
0.042740803211927414
0.043233562260866165
0.03932280093431473
0.04255293309688568
0.041360851377248764
0.04054214060306549
0.047391582280397415
0.04384041950106621
0.037492528557777405
0.04236824810504913
0.041910238564014435
0.044065024703741074
0.03681677207350731
0.04169293865561485
0.04393090307712555
0.04188350588083267
0.04335920140147209
0.04308541491627693
0.039751626551151276
0.042791206389665604
0.04063268005847931
0.04284262657165527
0.04047892242670059
0.04190432280302048
0.04329197108745575
0.042823802679777145
0.04053177312016487
0.042805690318346024
0.040585603564977646
0.043454043567180634
0.03863690048456192
0.040870822966098785
0.04638879373669624
0.04135867580771446
0.0449230782687664
0.04315567761659622
0.039528988301754
0.042990248650312424
0.04002407565712929
0.042912162840366364
0.04025483503937721
0.042192667722702026
0.0424141064286232
0.04298006743192673
0.040050700306892395
0.042404334992170334
0.041780441999435425
0.04198763146996498
0.04302820935845375
0.04223237559199333
0.04229287803173065
0.04261458292603493
0.041146907955408096
0.04194046929478645
0.043170735239982605
0.042811423540115356
0.04055442661046982
