0.046922311186790466
0.04857906326651573
0.04777154698967934
0.0478648915886879
0.047569479793310165
0.047684721648693085
0.04931372031569481
0.047687362879514694
0.04655691981315613
0.04654885455965996
0.04816453158855438
0.046951327472925186
0.047585662454366684
0.048327960073947906
0.048588067293167114
0.047323521226644516
0.048894863575696945
0.04793567582964897
0.04853293299674988
0.048755452036857605
0.04916444420814514
0.046176500618457794
0.04644384980201721
0.048483364284038544
0.049172915518283844
0.048120077699422836
0.04817007854580879
0.046342045068740845
0.047664713114500046
0.04862914979457855
0.04711315780878067
0.0467955507338047
0.048908863216638565
0.04829986393451691
0.04724486172199249
0.046981167048215866
0.0457940474152565
0.048241619020700455
0.04744389280676842
0.04694650322198868
0.04524180665612221
0.046075981110334396
0.046569522470235825
0.04541676118969917
0.04657899960875511
0.044339269399642944
0.04498244822025299
0.04481884837150574
0.042295463383197784
0.04508061334490776
0.04221034795045853
0.043426141142845154
0.04258701577782631
0.041966795921325684
0.046457428485155106
0.0410676933825016
0.04331963136792183
0.03928413987159729
0.040548551827669144
0.03832754120230675
0.04131497070193291
0.03599916771054268
0.03728269413113594
0.03873375058174133
0.03448811173439026
0.03837389871478081
0.037793245166540146
0.03452228009700775
0.0372629277408123
0.03564368560910225
0.03732893988490105
0.035204581916332245
0.0320722870528698
0.0348697192966938
0.03307538852095604
0.03159010782837868
0.031290922313928604
0.03323742747306824
0.03191627934575081
0.031069619581103325
0.030606873333454132
0.028948521241545677
0.03294830396771431
0.029716238379478455
0.029835741966962814
0.02746671997010708
0.027635009959340096
0.030380714684724808
0.0281667597591877
0.027393467724323273
0.026804134249687195
0.026642298325896263
0.024066410958766937
0.02771642431616783
0.02510065771639347
0.02665216661989689
0.024310631677508354
0.023586075752973557
0.02106805145740509
0.022371966391801834
0.02330201491713524
0.02093309536576271
0.02073468454182148
0.020780198276042938
0.02150956727564335
0.020516255870461464
0.02069242298603058
0.0198479276150465
0.019445544108748436
0.019174903631210327
0.019451729953289032
0.017776764929294586
0.01851622946560383
0.019095534458756447
0.018524181097745895
0.017575202509760857
0.016522882506251335
0.017726657912135124
0.017914442345499992
0.016182594001293182
0.017590535804629326
0.015980510041117668
0.01631724089384079
0.015251629054546356
0.01638115383684635
0.01626591570675373
0.015778806060552597
0.015825457870960236
0.016470765694975853
0.01642097719013691
0.015603006817400455
0.01669488288462162
0.015736090019345284
0.015987785533070564
0.015737129375338554
0.017109910026192665
0.01560639962553978
0.016672363504767418
0.01513168029487133
0.0147567642852664
0.015461178496479988
0.015638960525393486
0.015380929224193096
0.015408947132527828
0.01424682978540659
0.01498741377145052
0.01505307387560606
0.01530112698674202
0.014620880596339703
0.014438982121646404
0.015414154157042503
0.014906229451298714
0.014414149336516857
0.015475327149033546
0.014110826887190342
0.014044774696230888
0.013292358256876469
0.014778339304029942
0.015476956032216549
0.015377651900053024
0.014820048585534096
0.015206621028482914
0.0149932149797678
0.016720501706004143
0.013535138219594955
0.014263822697103024
0.013713270425796509
0.013858809135854244
0.013745893724262714
0.015718817710876465
0.01343207061290741
0.01406472735106945
0.013660653494298458
0.013027560897171497
0.013795980252325535
0.015177279710769653
0.01473854947835207
0.01424145046621561
0.013395385816693306
0.01308052521198988
0.013347625732421875
0.013917380943894386
0.014155251905322075
0.014873229898512363
0.014607029035687447
0.014176343567669392
0.013683355413377285
0.013516819104552269
0.014209052547812462
0.0133432662114501
0.013455144129693508
0.013042121194303036
0.013709348626434803
0.015270433388650417
0.013864756561815739
0.014288957230746746
0.013884730637073517
0.014963367022573948
0.012464867904782295
0.014210620895028114
0.01592852547764778
0.013060263358056545
0.013435542583465576
0.013110031373798847
0.014210985042154789
0.012702150270342827
0.01264857966452837
0.013881150633096695
0.012620353139936924
0.014109841547906399
0.01429793518036604
0.014346923679113388
0.01356592122465372
0.013563930988311768
0.013399296440184116
0.012896916829049587
0.014076580293476582
0.014902886003255844
0.014042699709534645
0.013105174526572227
0.01555490493774414
0.012640523724257946
0.013498933054506779
0.013400332070887089
0.0125615568831563
0.01225742232054472
0.01479316595941782
0.013218572363257408
0.013005689717829227
0.013618340715765953
0.013159213587641716
0.014377785846590996
0.014105075970292091
0.015610765665769577
0.013187515549361706
0.012489935383200645
0.01226029172539711
0.01362988818436861
0.013282784260809422
0.014247125945985317
0.013209273107349873
0.013642859645187855
0.013222532346844673
0.014056449756026268
0.012448941357433796
0.014170313253998756
0.013704382814466953
0.01330787967890501
0.012024029158055782
0.014041614718735218
0.012955010868608952
0.012393194250762463
0.012406331486999989
0.015084300190210342
0.012662436813116074
0.013356316834688187
0.013516832143068314
0.012590675614774227
0.014091148041188717
0.014574107713997364
0.013105309568345547
0.012053889222443104
0.012497618794441223
0.012679247185587883
0.013398544862866402
0.0140748992562294
0.014330781996250153
0.012631363235414028
0.012750266119837761
0.014032168313860893
0.013343077152967453
0.01286600437015295
0.012568083591759205
0.012387741357088089
0.014348361641168594
0.013409527949988842
0.012916837818920612
0.015619391575455666
0.012119381688535213
0.013557258062064648
0.011950986459851265
0.012470164336264133
0.014976703561842442
0.015477675013244152
0.013997344300150871
0.013211010955274105
0.013561401516199112
0.013952563516795635
0.012199061922729015
0.013060864992439747
0.013276567682623863
0.012421680614352226
0.011626259423792362
0.012760265730321407
0.012386007234454155
0.014730094000697136
0.012480063363909721
0.013546723872423172
0.012383833527565002
0.011629648506641388
0.012372029945254326
0.014123492874205112
0.013154340907931328
0.013346829451620579
0.01377566996961832
0.013505185022950172
0.012841771356761456
0.013273137621581554
0.012789439409971237
0.011568569578230381
0.012203614227473736
0.011733709834516048
0.013499509543180466
0.014444910921156406
0.01160175260156393
0.01339714601635933
0.012895897962152958
0.014959678053855896
0.01119288057088852
0.014223963022232056
0.012596054002642632
0.013293134979903698
0.012595700100064278
0.014262584038078785
0.012864616699516773
0.012462721206247807
0.013720599934458733
0.012093119323253632
0.013371806591749191
0.01401065569370985
0.011081187054514885
0.013084102421998978
0.012795442715287209
0.01325998641550541
0.012583574280142784
0.012130810879170895
0.013087286613881588
0.011522650718688965
0.013935210183262825
0.012896381318569183
0.012982286512851715
0.01275635976344347
0.013354421593248844
0.012573239393532276
0.012299920432269573
0.012222438119351864
0.012080227956175804
0.013006120920181274
0.01234451960772276
0.01217514555901289
0.01396393496543169
0.011742105707526207
0.011178407818078995
0.014810452237725258
0.012701458297669888
0.014671281911432743
0.013484134338796139
0.012026599608361721
0.012724100612103939
0.012156745418906212
0.012136425822973251
0.012691722251474857
0.012099502608180046
0.013330300338566303
0.01189268659800291
0.012805558741092682
0.012453130446374416
0.011922109872102737
0.01417899876832962
0.012365160509943962
0.012969174422323704
0.013531968928873539
0.012428130954504013
0.013918619602918625
0.013330894522368908
0.011783587746322155
0.011755355633795261
0.01274376455694437
0.01249960158020258
0.012339689768850803
0.013192650862038136
0.012446226552128792
0.012410547584295273
0.013068684376776218
0.012561962939798832
0.013438332825899124
0.012173505499958992
0.012809492647647858
0.012494593858718872
0.013186411932110786
0.014334694482386112
0.012346230447292328
0.011397388763725758
0.01285923458635807
0.011451187543570995
0.011560692451894283
0.011896023526787758
0.01291060633957386
0.011674288660287857
0.012268207035958767
0.012052427977323532
0.013052169233560562
0.011270211078226566
0.012255528941750526
0.012262609787285328
0.013555005192756653
0.01192802656441927
0.012049430049955845
0.012211725115776062
0.013318364508450031
0.012611382640898228
0.0119785126298666
0.012173519469797611
0.014349985867738724
0.013905815780162811
0.012013196013867855
0.012201623059809208
0.012604041025042534
0.011975282803177834
0.010428659617900848
0.01228353288024664
0.012181879952549934
0.012583155184984207
0.012885049916803837
0.012731719762086868
0.011528203263878822
0.013724258169531822
0.011226867325603962
0.012436412274837494
0.012428507208824158
0.010763881728053093
0.012290394864976406
0.011207801289856434
0.012271709740161896
0.012725944630801678
0.011440545320510864
0.012796822004020214
0.01226096786558628
0.01429250929504633
0.011814790777862072
0.011697351932525635
0.011037911288440228
0.010913084261119366
0.012111037969589233
0.012721780687570572
0.013351169414818287
0.012702894397079945
0.012424184009432793
0.012213070876896381
0.012202806770801544
0.012709273025393486
0.012485519051551819
0.013291049748659134
0.01141736563295126
0.012920488603413105
0.011926147155463696
0.012487323023378849
0.01166746485978365
0.01268135104328394
0.011742586269974709
0.011562248691916466
0.012689048424363136
0.011875581927597523
0.012207146733999252
0.012345777824521065
0.01227596402168274
0.01299319975078106
0.011417214758694172
0.012121022678911686
0.012955328449606895
0.011586079373955727
0.011951187625527382
0.01058095134794712
0.012366943061351776
0.012601308524608612
0.012678567320108414
0.01214877050369978
0.012645031325519085
0.012628336437046528
0.01167615968734026
0.011563277803361416
0.011729725636541843
0.013954956084489822
0.010813912376761436
0.013148138299584389
0.011621037498116493
0.012708223424851894
0.011867220513522625
0.013722961768507957
0.01138258446007967
0.01289367862045765
0.011511270888149738
0.01143011823296547
0.010815607383847237
0.010797250084578991
0.01270675752311945
0.01160812471061945
0.011702821590006351
0.012058411724865437
0.0129234055057168
0.012519716285169125
0.011042805388569832
0.01206516195088625
0.011824751272797585
0.011077629402279854
0.011925882659852505
0.011834184639155865
0.011782716028392315
0.012480354867875576
0.011493206024169922
0.012278026901185513
0.011587441898882389
0.011599027551710606
0.012232002802193165
0.012710710987448692
0.013547747395932674
0.011317940428853035
0.011627981439232826
0.012371791526675224
0.0122757563367486
0.011914921924471855
0.012010582722723484
0.011966323480010033
0.01224162895232439
0.012191235087811947
0.013017671182751656
0.012997386045753956
0.011135867796838284
0.012149189598858356
0.011450178921222687
0.011876886710524559
0.012216576375067234
0.011142002418637276
0.011806536465883255
0.012482156045734882
0.011517141945660114
0.012479699216783047
0.01194791030138731
0.010958567261695862
0.010762980207800865
0.013054344803094864
0.011807075701653957
0.011828686110675335
0.012607045471668243
0.01139428187161684
0.011359571479260921
0.01297257374972105
0.013112717308104038
0.010306787677109241
0.011936462484300137
0.01065585482865572
0.01190248318016529
0.012097830884158611
0.012130477465689182
0.010044245049357414
0.012184231542050838
0.011532335542142391
0.011046108789741993
0.012788006104528904
0.0108635937795043
0.012247107923030853
0.01198714878410101
0.011591329239308834
0.012745270505547523
0.01156102865934372
0.011508405208587646
0.0123701561242342
0.010670701041817665
0.010432601906359196
0.010962816886603832
0.011964143253862858
0.011158831417560577
0.012730981223285198
0.011903731152415276
0.011348768137395382
0.011683749966323376
0.011146161705255508
0.012182353064417839
0.012747558765113354
0.011285936459898949
0.01151975616812706
0.012610948644578457
0.011924990452826023
0.011805389076471329
0.012715896591544151
0.010818318463861942
0.010102471336722374
0.011246875859797001
0.011776779778301716
0.0123845050111413
0.01136054378002882
0.012938477098941803
0.011617474257946014
0.011578910984098911
0.010827664285898209
0.011387531645596027
0.012470227666199207
0.011168837547302246
0.011937949806451797
0.009921838529407978
0.010462075471878052
0.011998115107417107
0.010762836784124374
0.011111628264188766
0.010588206350803375
0.01196014229208231
0.012751356698572636
0.012310792692005634
0.011386584490537643
0.013187576085329056
0.010458145290613174
0.012489918619394302
0.011033164337277412
0.011939309537410736
0.01222112588584423
0.010563998483121395
0.010988512076437473
0.011150690726935863
0.010727336630225182
0.013623366132378578
0.011295301839709282
0.011918025091290474
0.010271232575178146
0.010136169381439686
0.01088196225464344
0.01055668480694294
0.011512110941112041
0.011753787286579609
0.012772736139595509
0.010240426287055016
0.012485392391681671
0.010985304601490498
0.010966794565320015
0.010954183526337147
0.011418566107749939
0.011444570496678352
0.014829069375991821
0.010956444777548313
0.011678257025778294
0.012446905486285686
0.011695855297148228
0.011125508695840836
0.010613584890961647
0.011796360835433006
0.01051951665431261
0.01218548696488142
0.012260825373232365
0.012103833258152008
0.011308709159493446
0.010475065559148788
0.01092613022774458
0.01155627891421318
0.011515974998474121
0.01084441039711237
0.011205135844647884
0.010890178382396698
0.011776821687817574
0.012751329690217972
0.010748615488409996
0.011389434337615967
0.010711217299103737
0.0101936599239707
0.011913938447833061
0.01096214260905981
0.01100966241210699
0.011993341147899628
0.010830570012331009
0.011690767481923103
0.01140187680721283
0.012699104845523834
0.011154898442327976
0.011346130631864071
0.011173220351338387
0.011740217916667461
0.01177565474063158
0.011171987280249596
0.01067489292472601
0.01108071580529213
0.011721869930624962
0.010769848711788654
0.012103192508220673
0.01111525110900402
0.01097263302654028
0.011535036377608776
0.010571429505944252
0.011633899062871933
0.011006558313965797
0.011023697443306446
0.010397771373391151
0.010134750045835972
0.01114195678383112
0.011470271274447441
0.010205477476119995
0.010443363338708878
0.012235688045620918
0.01281825453042984
0.010496188886463642
0.01160125620663166
0.011533007957041264
0.011412623338401318
0.011271142400801182
0.011384734883904457
0.011639407835900784
0.012463591061532497
0.011600823141634464
0.010228637605905533
0.010366963222622871
0.01091876719146967
0.01177608035504818
0.010615694336593151
0.011105941608548164
0.010254893451929092
0.01111918780952692
0.011245934292674065
0.0105355279520154
0.010629210621118546
0.010673741810023785
0.011321085505187511
0.011212912388145924
0.011942209675908089
0.010050106793642044
0.01146689709275961
0.011268455535173416
0.012917104177176952
0.010237960144877434
0.010115111246705055
0.011274728924036026
0.009983097203075886
0.010598794557154179
0.01040496677160263
0.01085321232676506
0.01082601584494114
0.011603257618844509
0.011288403533399105
0.011499269865453243
0.010819295421242714
0.01110016368329525
0.011895391158759594
0.012108594179153442
0.010073201730847359
0.009699639864265919
0.011296665295958519
0.01038352306932211
0.011436503380537033
0.011438567191362381
0.011064516380429268
0.010988553985953331
0.012632196769118309
0.012469909153878689
0.0104726143181324
0.010544226504862309
0.011254278011620045
0.01077967043966055
0.011142206378281116
0.01033935695886612
0.010160164907574654
0.010434942319989204
0.010670764371752739
0.01053464412689209
0.010266040451824665
0.010750451125204563
0.01106793712824583
0.01176186092197895
0.010485593229532242
0.009744771756231785
0.010783828794956207
0.010329817421734333
0.011100596748292446
0.012905603274703026
0.01235193945467472
0.010622233152389526
0.011398796923458576
0.010263056494295597
0.011403398588299751
0.010980972088873386
0.010115494951605797
0.010716761462390423
0.010203259065747261
0.010145043954253197
0.010197844356298447
0.010837778449058533
0.009418847039341927
0.011055060662329197
0.01271646935492754
0.011564132757484913
0.010880966670811176
0.009290832094848156
0.009846352972090244
0.011842016130685806
0.010019024834036827
0.010645338334143162
0.009909844025969505
0.010794824920594692
0.010339650325477123
0.010990188457071781
0.01091478206217289
0.01052861101925373
0.011740965768694878
0.01052866317331791
0.010519852861762047
0.011640870943665504
0.011505227535963058
0.00948766153305769
0.00910755805671215
0.010305948555469513
0.00951670203357935
0.012015066109597683
0.011654415167868137
0.009996128268539906
0.010921873152256012
0.009512017481029034
0.009228766895830631
0.012773883529007435
0.011471912264823914
0.010901848785579205
0.010498355142772198
0.009922614321112633
0.0127478102222085
0.009771890006959438
0.00997564010322094
0.011191412806510925
0.010325229726731777
0.010007095523178577
0.012735640630126
0.012005745433270931
0.010030816309154034
0.01174035482108593
0.00938838254660368
0.010316162370145321
0.00966386217623949
0.011112501844763756
0.01022690162062645
0.010824957862496376
0.01028936542570591
0.01081559807062149
0.009706443175673485
0.009158127941191196
0.010156695730984211
0.010833213105797768
0.010888030752539635
0.010697007179260254
0.010698623955249786
0.00978652760386467
0.011301659047603607
0.01079758070409298
0.010722621344029903
0.009706870652735233
0.010953584685921669
0.011498513631522655
0.009813365526497364
0.011956378817558289
0.009715797379612923
0.010897196829319
0.009395853616297245
0.010660780593752861
0.009536226280033588
0.010431877337396145
0.00992591679096222
0.010716659016907215
0.009326864965260029
0.00992472656071186
0.009705317206680775
0.010016238316893578
0.010072151198983192
0.011249396950006485
0.011225899681448936
0.01026091817766428
0.011636927723884583
0.010094537399709225
0.009781409054994583
0.009920122101902962
0.009584867395460606
0.010123997926712036
0.010835151188075542
0.01046488992869854
0.009788566268980503
0.010271109640598297
0.010695597156882286
0.01075117290019989
0.010946854948997498
0.009875545278191566
0.010611696168780327
0.01136209536343813
0.009923093020915985
0.011333699338138103
0.00978149101138115
0.009666960686445236
0.010443231090903282
0.010188277810811996
0.01068870723247528
0.010772528126835823
0.009091785177588463
0.011057303287088871
0.011035160161554813
0.010259857401251793
0.010302609764039516
0.009435184299945831
0.009916037321090698
0.009854280389845371
0.009898385033011436
0.01004062034189701
0.011810055002570152
0.010134491138160229
0.010665732435882092
0.009127694182097912
0.010619369335472584
0.01038882415741682
0.010426879860460758
0.00970127247273922
0.010143880732357502
0.009129481390118599
0.008567076176404953
0.011349883861839771
0.010036241263151169
0.010548899881541729
0.010145800188183784
0.00965999998152256
0.011129815131425858
0.011014428921043873
0.00937218964099884
0.009288694709539413
0.009901980869472027
0.009777254424989223
0.010733264498412609
0.009763131849467754
0.010232286527752876
0.009033376350998878
0.010178647004067898
0.010815195739269257
0.010096505284309387
0.010370178148150444
0.00937267392873764
0.011034518480300903
0.009823907166719437
0.009018288925290108
0.012190733104944229
0.010892682708799839
0.010339894331991673
0.008685057051479816
0.01033233292400837
0.009191162884235382
0.009547285735607147
0.010327527299523354
0.010152201168239117
0.009491510689258575
0.009605971165001392
0.010083401575684547
0.01079045981168747
0.010515467263758183
0.009817654266953468
0.010023610666394234
0.010309912264347076
0.008934413082897663
0.013094176538288593
0.009293656796216965
0.01167014054954052
0.008927039802074432
0.009040437638759613
0.008854134939610958
0.010999473743140697
0.011032193899154663
0.011230692267417908
0.008901097811758518
0.009236957877874374
0.011723688803613186
0.00906852912157774
0.011423561722040176
0.009978064335882664
0.009813896380364895
0.010632568970322609
0.00971880741417408
0.009915832430124283
0.009484341368079185
0.010279796086251736
0.009135475382208824
0.00953649077564478
0.009444719180464745
0.010141924023628235
0.00992191769182682
0.008205943740904331
0.010094591416418552
0.008952129632234573
0.00940876454114914
0.008509648032486439
0.010443419218063354
0.010133021511137486
0.009722665883600712
0.011410529725253582
0.01027500070631504
0.009498265571892262
0.009118625894188881
0.008441471494734287
0.009603968821465969
0.009852622635662556
0.011255701072514057
0.011190117336809635
0.009390685707330704
0.009580783545970917
0.010584847070276737
0.010715856216847897
0.008641503751277924
0.01030227541923523
0.010476029478013515
0.009524439461529255
0.01122365053743124
0.00793377310037613
0.009685167111456394
0.010812969878315926
0.008313149213790894
0.010406570509076118
0.00922935176640749
0.009858415462076664
0.009749041870236397
0.008448837324976921
0.009323649108409882
0.009829837828874588
0.010930128395557404
0.01010357029736042
0.011096044443547726
0.00934059638530016
0.008620025590062141
0.010651163756847382
0.009902249090373516
0.009908993728458881
0.009990532882511616
0.009916632436215878
0.009667564183473587
0.009315467439591885
0.010778933763504028
0.00979887880384922
0.009266313165426254
0.009176239371299744
0.009616788476705551
0.009083163924515247
0.008399749174714088
0.009069974534213543
0.010573417879641056
0.009697787463665009
0.010707230307161808
0.0085830083116889
0.009675882756710052
0.009476637467741966
0.009409683756530285
0.01103159412741661
0.009295616298913956
0.009442555718123913
0.009694287553429604
0.009331083856523037
0.010403423570096493
0.008746892213821411
0.00866518635302782
0.008666854351758957
0.00900247972458601
0.009584343992173672
0.009317654184997082
0.010905777104198933
0.009700050577521324
0.009580465033650398
0.01200543437153101
0.009102357551455498
0.010037248954176903
0.009653347544372082
0.00969916582107544
0.009013026021420956
0.011319353245198727
0.009368404746055603
0.008826903998851776
0.009266725741326809
0.008929460309445858
0.009942548349499702
0.010014016181230545
0.00848251674324274
0.009285051375627518
0.009158223867416382
0.010614398866891861
0.009684143587946892
0.009784578345716
0.009602485224604607
0.008338109590113163
0.00866951234638691
0.00898678507655859
0.00899859145283699
0.009532421827316284
0.009633712470531464
0.008656556718051434
0.009791368618607521
0.009744567796587944
0.008498589508235455
0.010513084940612316
0.008795197121798992
0.009808125905692577
0.008527291938662529
0.009324810467660427
0.008914129808545113
0.011315038427710533
0.009594523347914219
0.009015199728310108
0.01011684350669384
0.009184638038277626
0.008119705133140087
0.009017657488584518
0.009240641258656979
0.01020687073469162
0.00868489220738411
0.009050923399627209
0.009962370619177818
0.01036851666867733
0.009921177290380001
0.009781493805348873
0.00920206867158413
0.010097330436110497
0.010430293157696724
0.008623728528618813
0.009483762085437775
0.0085193682461977
0.009391354396939278
0.009396927431225777
0.00839549582451582
0.010367096401751041
0.00992654636502266
0.008803126402199268
0.009255453012883663
0.00912422314286232
0.00927606038749218
0.009431686252355576
0.00925490353256464
0.009134067222476006
0.010318365879356861
0.008828474208712578
0.008609303273260593
0.009940363466739655
0.009280978702008724
0.010853239335119724
0.011164511553943157
0.008769063279032707
0.009822714142501354
0.009097636677324772
0.00865542609244585
0.009452578611671925
0.008527676574885845
0.009199006482958794
0.009254219010472298
0.009091031737625599
0.008833837695419788
0.010305513627827168
0.00945857260376215
0.009566066786646843
0.008316529914736748
0.008485134690999985
0.009158036671578884
0.009149693883955479
0.010648147203028202
0.008333135396242142
0.008718200027942657
0.008435210213065147
0.009293467737734318
0.010128198191523552
0.00901638250797987
0.009829678572714329
0.008649127557873726
0.009393117390573025
0.009852792136371136
0.009804478846490383
0.007950983941555023
0.008231311105191708
0.00944659486413002
0.008612597361207008
0.009276298806071281
0.008256744593381882
0.009579644538462162
0.00886152870953083
0.009112936444580555
0.010686869733035564
0.00920912902802229
0.008563782088458538
0.008643281646072865
0.009489756077528
0.010006098076701164
0.009215186350047588
0.008528622798621655
0.009275429882109165
0.008683402091264725
0.008317140862345695
0.010076865553855896
0.008492588996887207
0.008839122019708157
0.009305383078753948
0.008619952946901321
0.008558034896850586
0.008098343387246132
0.008442118763923645
0.009674669243395329
0.008982441388070583
0.009499108418822289
0.009248576126992702
0.008551027625799179
0.009256094694137573
0.009928125888109207
0.008833950385451317
0.009473719634115696
0.008940220810472965
0.009761275723576546
0.008952134288847446
0.008470394648611546
0.007772109936922789
0.009272822178900242
0.009592900052666664
0.009068061597645283
0.008014967665076256
0.009357327595353127
0.008907136507332325
0.00946065317839384
0.010180676355957985
0.009239694103598595
0.0090662045404315
0.00850291084498167
0.009648257866501808
0.009273109026253223
0.008756494149565697
0.008596577681601048
0.009414257481694221
0.009435266256332397
0.01026676595211029
0.008630256168544292
0.007803873158991337
0.008453670889139175
0.008434874936938286
0.008867806755006313
0.008890430442988873
0.008261079899966717
0.00857999175786972
0.00878037791699171
0.009411926381289959
0.009558566845953465
0.00871557742357254
0.008612307719886303
0.00858426745980978
0.008563454262912273
0.009072876535356045
0.009977382607758045
0.008160036988556385
0.00966880563646555
0.009689866565167904
0.00917705986648798
0.009099174290895462
0.008794189430773258
0.008501739241182804
0.008472935296595097
0.00925806537270546
0.008881266228854656
0.008390690200030804
0.008564610965549946
0.00853979866951704
0.009109984152019024
0.007633037865161896
0.008767761290073395
0.009215300902724266
0.008206965401768684
0.007877761498093605
0.008933975361287594
0.008457189425826073
0.008331254124641418
0.007888173684477806
0.008317066356539726
0.008360999636352062
0.00797427911311388
0.00929675716906786
0.008288172073662281
0.008605029433965683
0.009144634008407593
0.009067901410162449
0.009722883813083172
0.009050766006112099
0.008375301957130432
0.008292709477245808
0.009238836355507374
0.008866124786436558
0.009384076111018658
0.00800046045333147
0.009341218508780003
0.008207051083445549
0.00800921767950058
0.0098257502540946
0.008523426949977875
0.008742272853851318
0.010566779412329197
0.008299499750137329
0.008327290415763855
0.008153628557920456
0.0077263228595256805
0.008674999698996544
0.009208647534251213
0.008815676905214787
0.008040736429393291
0.008001714013516903
0.008379858918488026
0.008388788439333439
0.008108805865049362
0.00880366563796997
0.009326976723968983
0.008496737107634544
0.008625383488833904
0.009511829353868961
0.009665891528129578
0.007736646104604006
0.00941877905279398
0.008703554980456829
0.008022451773285866
0.008708598092198372
0.00789623986929655
0.008928544819355011
0.008234604261815548
0.00869432371109724
0.008279785513877869
0.00796606857329607
0.008184160105884075
0.008682219311594963
0.009093385189771652
0.008294861763715744
0.008136573247611523
0.008985261432826519
0.007999944500625134
0.009156185202300549
0.007760063279420137
0.008675400167703629
0.009023758582770824
0.009174547158181667
0.007839856669306755
0.008411101996898651
0.00828877929598093
0.00827106274664402
0.008433445356786251
0.007531390991061926
0.008307578042149544
0.008850320242345333
0.00828097015619278
0.008889591321349144
0.008981410413980484
0.007876881398260593
0.008000543341040611
0.00838134903460741
0.0083255460485816
0.00855764839798212
0.007726306561380625
0.008707357570528984
0.008074091747403145
0.008279288187623024
0.00840126071125269
0.00965051632374525
0.009111424908041954
0.0081596989184618
0.00834797415882349
0.009269208647310734
0.007582325488328934
0.008628198876976967
0.008765132166445255
0.008108003996312618
0.007787785027176142
0.00871683657169342
0.007881753146648407
0.008049296215176582
0.008560367859899998
0.008574500679969788
0.008570428006350994
0.008120663464069366
0.008388507179915905
0.00806926004588604
0.0093311108648777
0.008318459615111351
0.007740923669189215
0.008075899444520473
0.008350552059710026
0.00884693581610918
0.007898788899183273
0.008576344698667526
0.0076905484311282635
0.008758674375712872
0.007818397134542465
0.008476908318698406
0.008961916901171207
0.00813841912895441
0.008801227435469627
0.009036234579980373
0.008325692266225815
0.007752879057079554
0.00848315842449665
0.007864473387598991
0.008597584441304207
0.007960706949234009
0.007458348758518696
0.010107294656336308
0.008181954734027386
0.007451696787029505
0.0078091127797961235
0.008092300035059452
0.007977862842381
0.007971636019647121
0.008159665390849113
0.008542317897081375
0.008252676576375961
0.008048820309340954
0.008244263008236885
0.007960996590554714
0.00826350785791874
0.008727279491722584
0.007820689119398594
0.007731026504188776
0.008522110059857368
0.0080599095672369
0.008247201330959797
0.007646735291928053
0.007732395548373461
0.008734782226383686
0.008317001163959503
0.008047820068895817
0.008375576697289944
0.008738052099943161
0.008564526215195656
0.008074126206338406
0.008476942777633667
0.007802510634064674
0.009277322329580784
0.008929655887186527
0.00894378125667572
0.008005950599908829
0.007837388664484024
0.007600320037454367
0.00742263812571764
0.008463995531201363
0.008835479617118835
0.008186785504221916
0.008196976967155933
0.008795341476798058
0.007480911444872618
0.008178352378308773
0.007496039383113384
0.008447633124887943
0.007553046569228172
0.00823698565363884
0.0075810756534338
0.007997519336640835
0.007595957722514868
0.00888438243418932
0.0073517304845154285
0.008220176212489605
0.007724075578153133
0.008556146174669266
0.007954384200274944
0.007459959480911493
0.008588531985878944
0.008696458302438259
0.009086290374398232
0.007979236543178558
0.007437747437506914
0.007777623366564512
0.008845185860991478
0.008150987327098846
0.00759095000103116
0.007896572351455688
0.007734532468020916
0.007682363037019968
0.007739173248410225
0.008304296992719173
0.008041778579354286
0.0078062997199594975
0.007793358992785215
0.00810141023248434
0.007474333979189396
0.008000366389751434
0.007140296045690775
0.008590562269091606
0.007541596423834562
0.008209017105400562
0.008061856031417847
0.00809058640152216
0.008523079566657543
0.008571924641728401
0.008504671975970268
0.007672302424907684
0.00860764179378748
0.007994846440851688
0.007685803808271885
0.00785701721906662
0.0077183060348033905
0.007561479229480028
0.007532831747084856
0.007977972738444805
0.008560925722122192
0.007435820065438747
0.008701644837856293
0.008419204503297806
0.008104992099106312
0.007357466034591198
0.00837650801986456
0.008949926123023033
0.007512741256505251
0.008492032065987587
0.007679445203393698
0.007847875356674194
0.007916375063359737
0.007747714873403311
0.007866941392421722
0.008403693325817585
0.007897662930190563
0.008215941488742828
0.007996621541678905
0.00766162620857358
0.007244523148983717
0.00779153173789382
0.008854362182319164
0.007464004680514336
0.00789510179311037
0.007140396162867546
0.008148716762661934
0.00843211729079485
0.007976485416293144
0.008714127354323864
0.008339568972587585
0.007948881015181541
0.008008227683603764
0.007652087602764368
0.007712259888648987
0.007838643155992031
0.007899460382759571
0.007933801040053368
0.007922584190964699
0.007344539277255535
0.007469154428690672
0.008023971691727638
0.00836238358169794
0.007907220162451267
0.008006633259356022
0.008660406805574894
0.007882129400968552
0.007842041552066803
0.007303190417587757
0.008110899478197098
0.00838606059551239
0.007677507121115923
0.008268794044852257
0.007930094376206398
0.00833146646618843
0.008606716990470886
0.007781765423715115
0.007860200479626656
0.007647067774087191
0.00784932728856802
0.007243693340569735
0.00781142245978117
0.00784219242632389
0.007431495003402233
0.007356307003647089
0.008306910283863544
0.007894910871982574
0.007603956386446953
0.008016807027161121
0.008168943226337433
0.00810942891985178
0.007848445326089859
0.00761130265891552
0.008189419284462929
0.007774154655635357
0.007497868034988642
0.007524888962507248
0.0074057988822460175
0.007711011450737715
0.007819107733666897
0.007579737342894077
0.00783589668571949
0.007971690036356449
0.008004464209079742
0.007395194377750158
0.00789391715079546
0.0075700669549405575
0.007687156554311514
0.007876602932810783
0.008238032460212708
0.008101466111838818
0.00827762484550476
0.0078297583386302
0.007651716470718384
0.00774195184931159
0.007991621270775795
0.008312435820698738
0.008525501005351543
0.008587080053985119
0.007499567698687315
0.007083680480718613
0.007323566824197769
0.007700103800743818
0.0071145216934382915
0.008142043836414814
0.00772002013400197
0.007660915143787861
0.007614297792315483
0.007492742035537958
0.008110877126455307
0.007511220406740904
0.007899802178144455
0.007758172228932381
0.007758877240121365
0.007782370783388615
0.007591334171593189
0.007550470065325499
0.0076019116677343845
0.007975898683071136
0.007609455846250057
0.008026854135096073
0.007371849846094847
0.008080563507974148
0.007680579554289579
0.008235493674874306
0.007776297628879547
0.007160137873142958
0.007310368120670319
0.007757577579468489
0.007966695353388786
0.00762583501636982
0.008268889039754868
0.007962273433804512
0.00787639245390892
0.00734457653015852
0.007378841750323772
0.007702651899307966
0.007810085080564022
0.007879240438342094
0.007433625869452953
0.00764113524928689
0.008167285472154617
0.0076393610797822475
0.007502004969865084
0.007933910936117172
0.007873198948800564
0.007801868952810764
0.007516744080930948
0.007724259980022907
0.007660033646970987
0.007966570556163788
0.008550128899514675
0.00800552498549223
0.007100806105881929
0.008570046164095402
0.007672183681279421
0.007604672107845545
0.007465233560651541
0.00807730108499527
0.00777740404009819
0.0073544057086110115
0.007309282198548317
0.0074864826165139675
0.007632807362824678
0.007400924805551767
0.007447582669556141
0.007264814805239439
0.008269195444881916
0.0073542227037250996
0.00790832657366991
0.008529294282197952
0.007460042368620634
0.00773670244961977
0.007362440228462219
0.007555152755230665
0.008344840258359909
0.0071516502648591995
0.008414083160459995
0.007954573258757591
0.007673653773963451
0.007446474861353636
0.007974816486239433
0.008244148455560207
0.007451660465449095
0.007380610331892967
0.007216995116323233
0.007703002076596022
0.007756986189633608
0.007405780255794525
0.007290967274457216
0.007672893814742565
0.007474624551832676
0.007402908056974411
