0.047877943329513076
0.04760683327913284
0.04352975003421307
0.03515350027009845
0.027070858422666787
0.019311141688376665
0.016065950226038694
0.014891454484313726
0.014259516075253487
0.013949185097590088
0.013695284398272634
0.01354499119333923
0.01337293148972094
0.013234487688168883
0.013104946026578546
0.013045176444575191
0.012882381258532406
0.012762695038691162
0.012658819183707237
0.012524048145860434
0.012409875867888331
0.012293747672811151
0.01223519300110638
0.012165293423458933
0.012047974206507207
0.011979741789400578
0.011913272133097053
0.011781235691159964
0.011711439071223139
0.011605769349262118
0.011585744097828865
0.011475196247920394
0.011384452832862735
0.011300785886123776
0.011192615330219268
0.011115324357524515
0.011019201390445233
0.010900449194014072
0.010866463044658303
0.010719210095703601
0.010647809505462647
0.010570826893672346
0.010426995297893881
0.010367492586374283
0.010274896398186684
0.01020063180476427
0.01009403020143509
0.01003348189406097
0.009941324964165688
0.00990913580171764
0.009761450067162513
0.009636205714195966
0.0096519130282104
0.009484461043030024
0.009353559091687202
0.009503425750881433
0.00937999258749187
0.009193459525704384
0.009136087726801634
0.009007804794237018
0.009041696437634528
0.008915750542655587
0.00874715126119554
0.00870019169524312
0.008606555499136448
0.008564031892456114
0.008436904614791274
0.008423085324466228
0.008358924183994532
0.008248262107372284
0.008216688106767834
0.00816360954195261
0.00807642238214612
0.00802284579258412
0.007984160678461194
0.007987412298098207
0.007910188403911889
0.00786262268666178
0.007809192850254476
0.0077720918925479054
0.007754686661064625
0.007770372088998556
0.007671086536720395
0.007643913081847131
