0.04822370782494545
0.04571249336004257
0.047711364924907684
0.0472036637365818
0.04674965515732765
0.050063520669937134
0.047712914645671844
0.04715355485677719
0.047670766711235046
0.04726455733180046
0.04742477089166641
0.04799257218837738
0.047672878950834274
0.04720913618803024
0.0480593740940094
0.045938439667224884
0.04737627133727074
0.04788071662187576
0.048108089715242386
0.04558740183711052
0.04779981076717377
0.04641174152493477
0.047501903027296066
0.04720702022314072
0.047515448182821274
0.04706822708249092
0.046979840844869614
0.04857892915606499
0.048063360154628754
0.04523366689682007
0.0471627339720726
0.04784158244729042
0.04717109724879265
0.04772160202264786
0.047330521047115326
0.04715142771601677
0.04598204046487808
0.051105599850416183
0.04819246008992195
0.0443815253674984
0.04786558821797371
0.04527413845062256
0.04663936793804169
0.048865579068660736
0.04778439551591873
0.04534093290567398
0.04786132648587227
0.045022767037153244
0.047532111406326294
0.04594389721751213
0.04692722484469414
0.047768350690603256
0.04644833877682686
0.0492088608443737
0.047028157860040665
0.0474674366414547
0.04672860726714134
0.04836540296673775
0.04706902056932449
0.047341927886009216
0.047108858823776245
0.04722592234611511
0.04661012440919876
0.04872127249836922
0.04659322649240494
0.04877210408449173
0.04724341630935669
0.04682028666138649
0.046830642968416214
0.04805922508239746
0.046398524194955826
0.04935552552342415
0.046374402940273285
0.049428749829530716
0.046638909727334976
0.0486355684697628
0.04716645926237106
0.047053150832653046
0.04687482491135597
0.047926004976034164
0.047741685062646866
0.04532841593027115
0.04726144298911095
0.0467686764895916
0.04724517837166786
0.04681742191314697
0.047829028218984604
0.04506458342075348
0.04722210392355919
0.04688506945967674
0.04749973490834236
0.04605158418416977
0.04716203361749649
0.04706698656082153
0.048065561801195145
0.044354651123285294
0.0470079630613327
0.04752791300415993
0.04696683958172798
0.04765332490205765
0.047054361552000046
0.04738874360918999
0.04652145504951477
0.048986922949552536
0.04710937663912773
0.047222718596458435
0.04689804092049599
0.047858551144599915
0.04740910604596138
0.04632529616355896
0.04635155200958252
0.04949742928147316
0.04716676101088524
0.0470513291656971
0.04729233309626579
0.0466744601726532
0.04670838639140129
0.048424627631902695
0.04720592126250267
0.04693172127008438
0.04770146310329437
0.04544824734330177
0.047024741768836975
0.04747864603996277
0.04695241525769234
0.04769595339894295
0.04716024920344353
0.04706903174519539
0.04744696244597435
0.04621069133281708
0.0470116026699543
0.047517068684101105
0.04640404134988785
0.04933864623308182
0.04636330530047417
0.049460723996162415
0.04753739386796951
0.04593922942876816
0.046786095947027206
0.048192474991083145
0.04647732898592949
0.04911958798766136
0.046279650181531906
0.04971277713775635
0.04745195806026459
0.0461973212659359
0.04689616709947586
0.0478641539812088
0.04627338796854019
0.04973285272717476
0.04659081622958183
0.04877985641360283
0.0474562868475914
0.04618304222822189
0.04736326262354851
0.04646237567067146
0.047530271112918854
0.04596124216914177
0.04761641472578049
0.045702818781137466
0.04758932441473007
0.04578353464603424
0.046336621046066284
0.04954180866479874
0.04700208082795143
0.047546640038490295
0.04610781744122505
0.050228551030159
0.04752211645245552
0.045985396951436996
0.04748821258544922
0.046086907386779785
0.04712875932455063
0.04716271907091141
0.04648605361580849
0.04909313842654228
0.04674026370048523
0.04832867532968521
0.047414205968379974
0.04631010815501213
0.04739943519234657
0.04635419324040413
0.04699277877807617
0.04757319763302803
0.047537196427583694
0.04594092071056366
0.04698910191655159
0.047584641724824905
0.047324713319540024
0.04658011347055435
0.046370260417461395
0.049441512674093246
0.04705378785729408
0.04739068076014519
0.047253649681806564
0.04679201543331146
0.047612499445676804
0.04571553319692612
0.046504244208335876
0.04903765395283699
0.04635174944996834
0.049496572464704514
0.047237880527973175
0.04684006795287132
0.047495272010564804
0.04606679081916809
0.04607898369431496
0.050315119326114655
0.047070082277059555
0.04734064266085625
0.047877684235572815
0.04491834342479706
0.04679315909743309
0.04817117378115654
0.04666914790868759
0.04854542016983032
0.04685235023498535
0.04799583926796913
0.045859549194574356
0.050975095480680466
0.04680036008358002
0.04815082624554634
0.04727290943264961
0.04673200100660324
0.047405779361724854
0.04633229598402977
0.0470784492790699
0.0473184771835804
0.047099385410547256
0.04725412279367447
0.04640018939971924
0.049350228160619736
0.04733763262629509
0.04653896018862724
0.046311281621456146
0.04961886629462242
0.0475529208779335
0.045893847942352295
0.04764477536082268
0.04561900720000267
0.047511227428913116
0.04601903259754181
0.047724399715662
0.04537617042660713
0.048158157616853714
0.044077351689338684
0.04615553840994835
0.05008697509765625
0.04735410585999489
0.046489521861076355
0.04744427651166916
0.04621981829404831
0.04746580868959427
0.04615426063537598
0.047133367508649826
0.047150857746601105
0.04715666547417641
0.04708079621195793
0.04812812805175781
0.04416770860552788
0.04662927985191345
0.04866371676325798
0.04657374322414398
0.04883119836449623
0.04688415676355362
0.04790075495839119
0.047911014407873154
0.044818513095378876
0.04745691269636154
0.046181030571460724
0.04804152622818947
0.04442649707198143
0.04697989672422409
0.047611016780138016
0.04738679528236389
0.046391092240810394
0.047035396099090576
0.047446344047784805
0.04728224128484726
0.04670223966240883
0.047185175120830536
0.04699654504656792
0.04666059836745262
0.04857099428772926
0.04760825261473656
0.04572861269116402
0.04670177772641182
0.04844580963253975
0.047565050423145294
0.045853689312934875
0.04717674478888512
0.047019459307193756
0.04791029542684555
0.04482145980000496
0.04706158488988876
0.04736744239926338
0.047271791845560074
0.04673662781715393
0.046277403831481934
0.049722183495759964
0.04759182408452034
0.04577682912349701
0.04670682176947594
0.04843185469508171
0.047931160777807236
0.044759780168533325
0.046786561608314514
0.04819214344024658
0.04739198088645935
0.04637812823057175
0.04762338846921921
0.04568246379494667
0.04782269150018692
0.04508267343044281
0.04724219813942909
0.04682386666536331
0.04642310366034508
0.04928465187549591
0.04714515060186386
0.0471167229115963
0.04747283458709717
0.04613230377435684
0.04739592224359512
0.046364106237888336
0.04707241803407669
0.047336138784885406
0.04688478633761406
0.04789792001247406
0.04790762439370155
0.04482714831829071
0.04770214855670929
0.04544426500797272
0.04689624905586243
0.04786413162946701
0.04672292619943619
0.048382263630628586
0.04689781367778778
0.047859929502010345
0.04765819013118744
0.04557916894555092
0.04761083424091339
0.045720621943473816
0.04679429158568382
0.04816662520170212
0.04743722826242447
0.04623888060450554
0.047680243849754333
0.04551209509372711
0.04604357108473778
0.05042068287730217
0.047422125935554504
0.04628348723053932
0.04678300395607948
0.0482030026614666
0.047066040337085724
0.04735579714179039
0.04731231927871704
0.046615589410066605
0.04724317044019699
0.04682403430342674
0.04634743183851242
0.049509018659591675
0.04669768735766411
0.04845805838704109
0.047461479902267456
0.046165354549884796
0.04719250649213791
0.04697532579302788
0.04597557336091995
0.05062663555145264
0.047197215259075165
0.04696069657802582
0.04627956449985504
0.04971320927143097
0.04700367525219917
0.04753999784588814
0.04818957298994064
0.04398280754685402
0.0478944294154644
0.044870298355817795
0.0468602180480957
0.04797075688838959
0.04712662473320961
0.04717098921537399
0.04741871356964111
0.04629487544298172
0.04708895459771156
0.04728278890252113
0.046656496822834015
0.04858240857720375
0.04753782972693443
0.04593809321522713
0.04748065769672394
0.04610928148031235
0.047029878944158554
0.047462474554777145
0.04705942049622536
0.04737254977226257
0.04739588871598244
0.04636405408382416
0.047431014478206635
0.04625880718231201
0.04646958038210869
0.049144353717565536
0.04658529534935951
0.04879667982459068
0.04745173826813698
0.04619669169187546
0.0472184382379055
0.04689652845263481
0.046803589910268784
0.048141393810510635
0.047225531190633774
0.0468754880130291
0.047360073775053024
0.046469949185848236
0.048031121492385864
0.044458985328674316
0.046013522893190384
0.050510987639427185
0.046814147382974625
0.0481114387512207
0.047219958156347275
0.04689261317253113
0.04700786992907524
0.04752665013074875
0.04709513485431671
0.04726609215140343
0.047939129173755646
0.0447331927716732
0.04651236906647682
0.049014974385499954
0.04790691286325455
0.04483058303594589
0.04745451733469963
0.04618800804018974
0.04806026443839073
0.04437100514769554
0.047218844294548035
0.04689566045999527
0.04714490473270416
0.047115206718444824
0.04779845476150513
0.045156970620155334
0.047119226306676865
0.04719628766179085
0.04700874164700508
0.047525543719530106
0.04715955629944801
0.04707428812980652
0.046369779855012894
0.04944242164492607
0.04689161479473114
0.04787570983171463
0.04677484929561615
0.048225220292806625
0.04731234535574913
0.04661518335342407
0.048061784356832504
0.044367898255586624
0.04773685708642006
0.045342277735471725
0.047361936420202255
0.046465788036584854
0.04758751764893532
0.045789431780576706
0.04736829549074173
0.0464475080370903
0.0459960475564003
0.050564270466566086
0.046646445989608765
0.0486140139400959
0.04697401449084282
0.04763108119368553
0.046029698103666306
0.05046306177973747
0.04782310873270035
0.04508111625909805
0.04755474627017975
0.04588722065091133
0.04693227261304855
0.047754500061273575
0.04672526568174362
0.048376500606536865
0.04781797155737877
0.04509784281253815
0.04719289019703865
0.046971358358860016
0.046704672276973724
0.04843752458691597
0.046129971742630005
0.05016252025961876
0.047156792134046555
0.04708147048950195
0.04782268777489662
0.04508267343044281
0.04732712358236313
0.04657118022441864
0.046990782022476196
0.04757784307003021
0.046764519065618515
0.04825785756111145
0.04699156433343887
0.047580305486917496
0.04701561853289604
0.047503434121608734
0.047558099031448364
0.04587722569704056
0.046319033950567245
0.0495937205851078
0.04735312983393669
0.04649088531732559
0.04779331013560295
0.04517246410250664
0.04738860949873924
0.04638815298676491
0.04670558497309685
0.04843391850590706
0.047828309237957
0.04506693407893181
0.04780220240354538
0.04514496400952339
0.04785953834652901
0.044973041862249374
0.047433484345674515
0.046250615268945694
0.0477336160838604
0.04535378888249397
0.047088414430618286
0.047286588698625565
0.04653633013367653
0.048942334949970245
0.047626715153455734
0.045670270919799805
0.0473879911005497
0.04638902097940445
0.047538138926029205
0.04593826085329056
0.04723382368683815
0.04685121774673462
0.047494933009147644
0.0460665188729763
0.04715745523571968
0.04707963019609451
0.04653796926140785
0.04893822222948074
0.046706680208444595
0.04843173176050186
0.047703132033348083
0.04544264078140259
0.04724998399615288
0.046802420169115067
0.047219227999448776
0.046894002705812454
0.047516822814941406
0.046000588685274124
0.047366414219141006
0.04645387828350067
0.04757699370384216
0.04582180827856064
0.04649454727768898
0.049066584557294846
0.04709769785404205
0.047261472791433334
0.047491058707237244
0.046077024191617966
0.04797650873661041
0.04462070018053055
0.046480197459459305
0.049112387001514435
0.047405172139406204
0.04633621126413345
0.04726225510239601
0.04676540195941925
0.047555290162563324
0.04588528349995613
0.04656911641359329
0.04884536191821098
0.046006444841623306
0.050533320754766464
0.04725067690014839
0.0467996709048748
0.04769202321767807
0.04547682777047157
0.04736345261335373
0.04646379500627518
0.04735597223043442
0.04648376256227493
0.04656855762004852
0.048843882977962494
0.04696717858314514
0.047650836408138275
0.04735466465353966
0.04648725315928459
0.04781578108668327
0.045104045420885086
0.04718291014432907
0.04700404405593872
0.04658791050314903
0.04879036918282509
