0.04698093235492706
0.04918520897626877
0.035988885909318924
0.03571534901857376
0.024724401533603668
0.02692987024784088
0.019273165613412857
0.02122250571846962
0.0179589856415987
0.017425794154405594
0.016602773219347
0.01797896809875965
0.015963027253746986
0.01802772469818592
0.016876377165317535
0.014134066179394722
0.016534963622689247
0.01428500097244978
0.016589393839240074
0.013096439652144909
0.015317396260797977
0.016668405383825302
0.014531952328979969
0.018691720440983772
0.014014394022524357
0.01901286281645298
0.014820956625044346
0.016245892271399498
0.015146308578550816
0.014880320988595486
0.015031487680971622
0.014856071211397648
0.013784827664494514
0.018631547689437866
0.014774570241570473
0.014664026908576488
0.015201273374259472
0.0139063261449337
0.014004800468683243
0.0159924179315567
0.013322676531970501
0.017761392518877983
0.014223136007785797
0.014523470774292946
0.013880491256713867
0.015213081613183022
0.013795197941362858
0.014956641010940075
0.013593565672636032
0.015535343438386917
0.012817149050533772
0.016949035227298737
0.013806723058223724
0.014177068136632442
0.014218918047845364
0.012783722952008247
0.012526918202638626
0.016867438331246376
0.014166492037475109
0.01119895651936531
0.013896712101995945
0.012455419637262821
0.01328352652490139
0.01274227537214756
0.012660624459385872
0.013970245607197285
0.012771754525601864
0.013272883370518684
0.012839640490710735
0.01221404504030943
0.012284385971724987
0.011837579309940338
0.012280921451747417
0.010816491208970547
0.011948949657380581
0.010255874134600163
0.01152405608445406
0.010217878036201
0.011096451431512833
0.010354976169764996
0.01118722464889288
0.009528176859021187
0.01081683486700058
0.01002599485218525
0.009780691005289555
0.01177523285150528
0.009784768335521221
0.010975667275488377
0.010249781422317028
0.008922774344682693
0.009316225536167622
0.011412250809371471
0.009745674207806587
0.009646229445934296
0.009374250657856464
0.010084107518196106
0.00957676861435175
0.009012282826006413
0.008911998942494392
0.010538041591644287
0.009616772644221783
0.008062540553510189
0.008984808810055256
0.009601890109479427
0.008609745651483536
0.010250414721667767
0.009025209583342075
0.008652145974338055
0.008722230792045593
0.009246822446584702
0.008782078512012959
0.008920082822442055
0.008559314534068108
0.009222337044775486
0.008838075213134289
0.008073286153376102
0.00857231393456459
0.008520630188286304
0.008636705577373505
0.00824456661939621
0.008675712160766125
0.00782583374530077
0.007972336374223232
0.010191148146986961
0.008321642875671387
0.008549602702260017
0.008443634025752544
0.007646880578249693
0.008237084373831749
0.008119627833366394
0.00814937986433506
0.00818809773772955
0.008559458889067173
0.00672093965113163
0.008252394385635853
0.00824655033648014
0.008550148457288742
0.007281574886292219
0.007984629832208157
0.007984054274857044
0.0077501824125647545
0.008473282679915428
0.008006999269127846
0.007566163316369057
0.007756027393043041
0.008301956579089165
0.007840551435947418
0.007788892835378647
0.0077031319960951805
0.0081030810251832
0.00785360112786293
0.007742254063487053
0.008056718856096268
0.00708335405215621
0.007868385873734951
0.007464257534593344
0.0075657120905816555
0.00809535849839449
0.007441867608577013
0.008341400884091854
0.008130595088005066
0.006812908221036196
0.007728139404207468
0.0071890465915203094
0.007790932431817055
0.006995733827352524
0.00795540027320385
0.006900514010339975
0.007636732421815395
0.007383054122328758
0.007851999253034592
0.006739126984030008
0.008045735768973827
0.006328942719846964
0.0072281560860574245
0.008368218317627907
0.007556337863206863
0.007291062735021114
0.007733261212706566
0.006827589590102434
0.007742464076727629
0.0070497943088412285
0.007289126981049776
0.007770861033350229
0.007405437994748354
0.0076217250898480415
0.007066583726555109
0.008340729400515556
0.007738149259239435
0.00614170404151082
0.0073362900875508785
0.007291456684470177
0.007617052178829908
0.0071913497522473335
0.0074186488054692745
0.007058126386255026
0.007398489397019148
0.0070726750418543816
0.007248039357364178
0.007382135838270187
0.007130522280931473
0.007651642896234989
0.007260906510055065
0.007213140372186899
0.007385032717138529
0.0066947173327207565
0.007413559127599001
0.006874423939734697
0.0073789977468550205
0.0071671451441943645
0.007429201155900955
0.006595987360924482
0.007367643527686596
0.006666940171271563
0.006971148774027824
0.008676719851791859
0.007253952790051699
0.007326448801904917
0.006930395495146513
0.007952430285513401
0.0067504048347473145
0.008266881108283997
0.006839205045253038
0.008426528424024582
0.00707077095285058
0.0070666903629899025
0.007002248428761959
0.0072029405273497105
0.007058725226670504
0.007156767882406712
0.007309300824999809
0.0063149649649858475
0.006889754440635443
0.007968510501086712
0.007089521270245314
0.00692012021318078
0.0069267903454601765
0.007250246591866016
0.006936614867299795
0.007732156198471785
0.007158536463975906
0.006716281641274691
0.007057906128466129
0.006773026194423437
0.007241565268486738
0.006645445246249437
0.007100492715835571
0.006442959886044264
0.006540639791637659
0.008735597133636475
0.00700225867331028
0.006796177942305803
0.007235429715365171
0.005948788486421108
0.006912232842296362
0.007099519483745098
0.007127909455448389
0.006565203424543142
0.007236448582261801
0.006131285335868597
0.0068958899937570095
0.006753808818757534
0.006718221120536327
0.007569967303425074
0.006676912307739258
0.007173416670411825
0.0070612458512187
0.006123931612819433
0.0070531489327549934
0.006355759687721729
0.006832272280007601
0.00670753326267004
0.00721445819362998
0.00652427738532424
0.006889560725539923
0.006502950098365545
0.006456100381910801
0.007613719906657934
0.006733359303325415
0.006682907231152058
0.006584663409739733
0.007225362118333578
0.006832983810454607
0.0066066631115973
0.007017682306468487
0.0066909524612128735
0.006932624615728855
0.006111549213528633
0.006731835193932056
0.006778123322874308
0.0064410255290567875
0.007417838554829359
0.006911612581461668
0.005962497089058161
0.006764390971511602
0.006245576310902834
0.0068517508916556835
0.005977652966976166
0.00633431738242507
0.007603987120091915
0.0065347724594175816
0.006837179884314537
0.006563812959939241
0.00673523498699069
0.006811946630477905
0.0061403908766806126
0.006691872142255306
0.006629195995628834
0.006862612906843424
0.005802034866064787
0.006928883958607912
0.006909678690135479
0.006526520475745201
0.006522914860397577
0.006317710969597101
0.007272439077496529
0.006348825059831142
0.00697941891849041
0.0067918202839791775
0.005719101056456566
0.006796650588512421
0.005663130898028612
0.006703321821987629
0.005607749801129103
0.006230154074728489
0.006931431591510773
0.0066396621987223625
0.006249610334634781
0.006654019933193922
0.005813289433717728
0.006698413286358118
0.005665693432092667
0.006833761464804411
0.00608229823410511
0.006586176343262196
0.006123827770352364
0.006548700388520956
0.006207535974681377
0.006227067206054926
0.006803518161177635
0.006137979682534933
0.006986964959651232
0.006079982500523329
0.007118886336684227
0.006413291208446026
0.005971741862595081
0.006070349831134081
0.0071049160324037075
0.0061551290564239025
0.00706305680796504
0.006549854762852192
0.00567925488576293
0.006094137206673622
0.007103336974978447
0.006200212985277176
0.0064902883023023605
0.006414205767214298
0.0059425304643809795
0.00615797471255064
0.006546888966113329
0.006001563742756844
0.00693846121430397
0.006461136043071747
0.0057335058227181435
0.006233177613466978
0.006593768950551748
0.006300256121903658
0.005895933602005243
0.006114439573138952
0.006406700238585472
0.006092442665249109
0.006714230868965387
0.006362742278724909
0.005765601992607117
0.006355471443384886
0.005547309294342995
0.006376504432410002
0.005541954189538956
0.006035264581441879
0.006559840869158506
0.00641280971467495
0.005486277397722006
0.00629098154604435
0.0056114946492016315
0.006139872130006552
0.00610425416380167
0.006401046644896269
0.005248805042356253
0.006129576824605465
0.006055418401956558
0.006001005880534649
0.006340977735817432
0.0063428315334022045
0.005332158412784338
0.006257029250264168
0.00574031425639987
0.006163936108350754
0.005822271108627319
0.006454138085246086
0.005664541851729155
0.006197554059326649
0.005719180218875408
0.006342512555420399
0.006027674302458763
0.005934234242886305
0.00649883970618248
0.006066685542464256
0.0060181999579072
0.005958131514489651
0.006556304637342691
0.006035429425537586
0.006097520235925913
0.0058740670792758465
0.006721096578985453
0.005883658304810524
0.006921718362718821
0.006086071487516165
0.0058424524031579494
0.005848676431924105
0.006614234298467636
0.005975764244794846
0.0062641422264277935
0.006017412059009075
0.006029070354998112
0.006052185315638781
0.0063088517636060715
0.005910903215408325
0.006309881340712309
0.006066926755011082
0.005878991447389126
0.006174079142510891
0.005432651378214359
0.00617905892431736
0.005397922359406948
0.006020901259034872
0.005947211291640997
0.005665600765496492
0.006914710160344839
0.00595745537430048
0.006003941874951124
0.005838241893798113
0.006399998906999826
0.006122353486716747
0.005497585982084274
0.005815561860799789
0.006355930119752884
0.005884180776774883
0.00628525298088789
0.006067712791264057
0.005635037086904049
0.006069664843380451
0.0057038962841033936
0.005763061810284853
0.006611665245145559
0.005994354374706745
0.00581148499622941
0.0060336897149682045
0.0056515769101679325
0.005914692301303148
0.006005258299410343
0.006167552433907986
0.005524512380361557
0.005989661440253258
0.005749001167714596
0.006203878670930862
0.005307825747877359
0.005860603880137205
0.006231355015188456
0.005923911929130554
0.005930048413574696
0.005773428361862898
0.006332906428724527
0.006141777150332928
0.005476249847561121
0.005935323890298605
0.005856231786310673
0.006177473347634077
0.0056635537184774876
0.006078312173485756
0.005603783298283815
0.0058400630950927734
0.006072729825973511
0.005966241005808115
0.005897361785173416
0.0059193396009504795
0.005892403889447451
0.006091376766562462
0.0053428043611347675
0.005858363583683968
0.006575131788849831
0.00591945881024003
0.006082164589315653
0.005849639419466257
0.0061072977259755135
0.006000641733407974
0.005516122095286846
0.005644147749990225
0.0066141667775809765
0.005698927212506533
0.006388530600816011
0.0060347928665578365
0.00546176265925169
0.006191110238432884
0.005467833019793034
0.006061998661607504
0.005479856859892607
0.005597406066954136
0.00665134796872735
0.005716518498957157
0.006255410611629486
0.005922914482653141
0.00648069940507412
0.005822919774800539
0.006251338869333267
0.005684100091457367
0.006565412972122431
0.005684811156243086
0.006373307667672634
0.006072781048715115
0.005223460961133242
0.005838057026267052
0.006123035214841366
0.0057482183910906315
0.006109020207077265
0.005689889658242464
0.006266773212701082
0.0058503285981714725
0.005751940421760082
0.0057451543398201466
0.00608451571315527
0.005631251260638237
0.006389216519892216
0.0055241938680410385
0.0068792179226875305
0.00588665995746851
0.006038330029696226
0.00577927753329277
0.005990931764245033
0.00597211392596364
0.005310080014169216
0.005929434206336737
0.005548048764467239
0.0059975516051054
0.005263885948807001
0.0060900854878127575
0.005445832386612892
0.00581736583262682
0.005878158379346132
0.005853789392858744
0.005804101470857859
0.005570726934820414
0.006577313877642155
0.005864236503839493
0.005574632436037064
0.005836537107825279
0.005673173349350691
0.005606470629572868
0.0064376904629170895
0.00592271750792861
0.005389370024204254
0.0057799057103693485
0.005848628934472799
0.005970419384539127
0.005363697186112404
0.005769005510956049
0.0059085413813591
0.005776229314506054
0.005766565911471844
0.005754898302257061
0.005880388896912336
0.005933890584856272
0.00529979495331645
0.005723799578845501
0.005953059531748295
0.005954483058303595
0.005244930740445852
0.005925233010202646
0.0053886896930634975
0.00577785586938262
0.006036822684109211
0.0056894379667937756
0.005979193840175867
0.005754993297159672
0.005834602285176516
0.005611068569123745
0.006226609461009502
0.005914060864597559
0.005283202975988388
0.0055319382809102535
0.006471360567957163
0.0059343609027564526
0.0053306822665035725
0.0058555020950734615
0.005630224943161011
0.005889399908483028
0.005591921508312225
0.0059185693971812725
0.005256933625787497
0.0055820997804403305
0.006215262692421675
