0.00915181078016758
0.00868687778711319
0.006989309098571539
0.006657914724200964
0.006166523322463036
0.0062002940103411674
0.00543874641880393
0.006346616894006729
0.006375480908900499
0.006832295563071966
0.005240860395133495
0.004932025447487831
0.00526069663465023
0.003035295521840453
0.0051653156988322735
0.004512747749686241
0.0035613577347248793
0.003796796780079603
0.006335326004773378
0.0033031171187758446
0.0032169760670512915
0.004062330350279808
0.0028599733486771584
0.003758082864806056
0.0029258832801133394
0.0032419997733086348
0.004997564479708672
0.0034278149250894785
0.004768869373947382
0.004411326255649328
0.004087931010872126
0.003749876283109188
0.003723620669916272
0.003477272344753146
0.0029996486846357584
0.0038963889237493277
0.0024209192488342524
0.003891060361638665
0.0030347700230777264
0.0053324089385569096
0.005071741063147783
0.0023449657019227743
0.0048168981447815895
0.0029326435178518295
0.002637480152770877
0.0029036691412329674
0.00362259685061872
0.003339282935485244
0.005137479864060879
0.0031734388321638107
0.004218201618641615
0.005352081265300512
0.0025844587944447994
0.0034242351539433002
0.004360710736364126
0.004454921931028366
0.004402823280543089
0.0025017501320689917
0.004139564465731382
0.005744400899857283
0.003561055287718773
0.0029247752390801907
0.002950361929833889
0.004293918609619141
0.004271500278264284
0.0043716528452932835
0.00523802125826478
0.0030684329103678465
0.0033733893651515245
0.003084913594648242
0.003178155981004238
0.0021622469648718834
0.00215329066850245
0.007233327720314264
0.003728075884282589
0.002586173126474023
0.007114914711564779
0.003707007272168994
0.002663908526301384
0.0033909750636667013
0.0032888436689972878
0.0029798257164657116
0.004181082360446453
0.0037958514876663685
0.0031361065339297056
0.00354112614877522
0.0032176277600228786
0.0037065078504383564
0.0032702309545129538
0.005272358655929565
0.002787261037155986
0.0038513371255248785
0.00518963485956192
0.0027727189008146524
0.0034601890947669744
0.0031882065813988447
0.004529207479208708
0.0032397147733718157
0.004765226971358061
0.002222795505076647
0.002953019691631198
0.002794993342831731
0.002859357977285981
0.006524328142404556
0.0030484464950859547
0.003353591775521636
0.0019830469973385334
0.0023644317407160997
0.002434916328638792
0.003265158273279667
0.004156596027314663
0.005830175708979368
0.003414416452869773
0.005861974786967039
0.002979315584525466
0.0023925804998725653
0.004082420375198126
0.004364599008113146
0.00421967962756753
0.004764237906783819
0.005761714186519384
0.0033322121016681194
0.004748877603560686
0.003841915400698781
0.005527703557163477
0.004164502024650574
0.004665941931307316
0.004154731519520283
0.001893799053505063
0.003831799142062664
0.004539124667644501
0.004670681431889534
0.004551562014967203
0.00346033601090312
0.003275372087955475
0.0029150242917239666
0.004908254835754633
0.002832569181919098
0.0034273434430360794
0.005042138043791056
0.00311908102594316
0.00588716147467494
0.0043433248065412045
0.0039365882985293865
0.0023920207750052214
0.0035674143582582474
0.00450012506917119
0.0036349263973534107
0.003390280529856682
0.004557853098958731
0.0037998082116246223
0.0031287341844290495
0.003654047381132841
0.002863843459635973
0.00563234556466341
0.003710731165483594
0.00693085603415966
0.003565598512068391
0.002667785156518221
0.006109471432864666
0.0024592799600213766
0.003227962413802743
0.003104285104200244
0.0029059916269034147
0.0028094900771975517
0.003160777036100626
0.004002705682069063
0.0034421596210449934
0.0029351357370615005
0.0028063443023711443
0.004743738099932671
0.003285148646682501
0.0039835707284510136
0.0037433619145303965
0.004162719938904047
0.00454544834792614
0.0058397878892719746
0.005824171472340822
0.0028850019443780184
0.003066169796511531
0.0029605883173644543
0.004365722183138132
0.004126443061977625
0.0036474016960710287
0.003547634230926633
0.00496966065838933
0.004358198959380388
0.006154453381896019
0.005976369604468346
0.004438657313585281
0.002790013561025262
0.0024190391413867474
0.003811301663517952
0.003477734047919512
0.0023338785395026207
0.002756550908088684
0.005310306325554848
0.0029117856174707413
0.004898419138044119
0.006597886327654123
0.004218767862766981
0.002635696902871132
0.005026559811085463
0.003165704431012273
0.0034704850986599922
0.0033352929167449474
0.004812987986952066
0.0036690605338662863
0.0034780839923769236
0.0033534292597323656
0.00443761283531785
0.003370047314092517
0.0030392964836210012
0.004273621831089258
0.005161984357982874
0.0040356190875172615
0.0031070243567228317
0.0037203864194452763
0.0016390344826504588
0.006100532598793507
0.004586327355355024
0.0023700071033090353
0.004182559438049793
0.0035848962143063545
0.004926206078380346
0.0024243462830781937
0.00333715439774096
0.004204825963824987
0.00316048227250576
0.004105057567358017
0.006209915969520807
0.0033014966174960136
0.002658996731042862
0.0037187652196735144
0.003390147816389799
0.004689676221460104
0.0029515656642615795
0.005475196987390518
0.0030077954288572073
0.0033037050161510706
0.0050724465399980545
0.00289132515899837
0.004018433392047882
0.0025531016290187836
0.0030647495295852423
0.00455054547637701
0.004469514824450016
0.0024474365636706352
0.00334238656796515
0.0028211309108883142
0.005979991052299738
0.003652430372312665
0.003756569465622306
0.002676021307706833
0.0028961917851120234
0.004199103452265263
0.0034201208036392927
0.0039905970916152
0.0042056189849972725
0.0027846673037856817
0.004194512031972408
0.0034544491209089756
0.0025591563899070024
0.00337613676674664
0.0026169084012508392
0.003857952542603016
0.0022437346633523703
0.0026928058359771967
0.004757689777761698
0.00228204857558012
0.0026200690772384405
0.0029113569762557745
0.002860192209482193
0.004435600712895393
0.0029457183554768562
0.0037147635594010353
0.0024168372619897127
0.005635016597807407
0.006016814615577459
0.003806502092629671
0.004331127740442753
0.002072244416922331
0.004009970463812351
0.0031395924743264914
0.0034441007301211357
0.0025481313932687044
0.002790202619507909
0.0029173430521041155
0.004762323573231697
0.0035862962249666452
0.003208024427294731
0.0034727947786450386
0.0047857738099992275
0.0051335725001990795
0.004586126189678907
0.003275010036304593
0.0028421306051313877
0.0031946052331477404
0.002775475149974227
0.0053990925662219524
