0.040238638315349816
0.02071344284340739
0.014452030509710312
0.01298420731909573
0.011940530966967344
0.010936371982097626
0.010198230855166912
0.00985818007029593
0.009587072301656008
0.009628596110269427
0.009469612082466484
0.009274762496352196
0.009287071041762828
0.00922539453022182
0.009193360595963896
0.008985251421108842
0.008954781852662564
0.009138702345080674
0.00903685048688203
0.00887242031749338
0.008730897377245129
0.008753878064453602
0.00875341782812029
0.008583367848768831
0.008676532981917262
0.008760886313393713
0.008678989484906197
0.008676486392505466
0.008674404071643948
0.008803488686680794
0.00861465628258884
0.00853158556856215
0.008515077224001289
0.00849960905034095
0.008451642119325697
0.008537191501818597
0.008408985240384937
0.008530345722101628
0.008317945315502584
0.008511198847554625
0.008389359619468451
0.008420233055949211
0.008431650325655937
0.008517694496549665
0.008381501911208034
0.00837142332457006
0.00839355937205255
0.008453014423139393
0.008624953962862492
0.008501141751185059
0.008399825962260365
0.008463912969455123
0.008384998375549912
0.008364165690727532
0.00832429591100663
0.00837585711851716
0.008407302782870829
0.00833383626304567
0.008331018919125199
0.00831508708652109
0.008335623471066356
0.008334597572684288
0.008378946292214095
0.00832456792704761
0.008552809827961028
0.0082919908920303
0.008856510696932673
0.008341852598823607
0.00831615508068353
0.008325244812294842
0.00826932368800044
0.008274847734719514
0.008358894078992308
0.008237248566001654
0.008270002016797662
0.008238256582990289
0.008263028995133936
0.008256002329289913
0.008278520149178802
0.008244836423546075
0.00833364510908723
0.008252455247566104
0.008243773155845702
0.008212565607391299
0.00832108238246292
0.00821565838996321
0.008329569175839425
0.008280112035572528
0.008486712421290576
0.008492110436782241
0.008407335169613362
0.008267357689328491
0.00836084180045873
0.00829883033875376
0.00825827457010746
0.008194005442783236
0.008202310185879469
0.008236543042585254
0.008276431798003614
0.008285347744822502
0.008198146591894329
0.008205049391835927
0.008196044550277292
0.008162598335184157
0.008294575568288564
0.008214298961684107
0.008261673641391099
0.0082595324376598
0.00822818516753614
0.008168392674997449
0.008199566835537552
0.008254544739611448
0.008221554500050843
0.00817947934847325
0.008184216427616775
0.00817785719409585
0.008191743073984981
0.008213066286407411
0.008366758655756711
0.008204894210211932
0.008186150877736508
0.00816378511954099
0.008199947280809283
0.008252806076779962
0.0082293760497123
0.008239668444730341
0.008159190160222351
0.008663688064552843
0.00815594899468124
0.008317112550139427
0.008249803516082465
0.008196607185527682
0.008133503538556398
0.008365112449973821
0.008121095830574632
0.008135639084503054
0.008197155385278165
0.008154254592955112
0.008145298692397773
0.00819101664237678
0.008229455212131143
0.008241564850322902
0.008158100000582636
0.008195084799081088
0.008152620680630208
0.008195082796737552
0.008151733060367405
0.008114557899534702
0.008256896398961544
0.008181599527597427
0.008131976728327573
0.008134085242636502
0.008212987426668405
0.008501038094982505
0.008321734936907887
0.008279037824831904
0.00812567281536758
0.008086733962409198
0.008555608172900974
0.008201589761301874
0.008148184744641185
0.008191803260706365
0.008128275698982178
0.008220344968140125
0.008133941586129368
0.008151432871818543
0.008150664088316262
0.00814215480349958
0.008207925502210856
0.008266396122053266
0.008314244169741868
0.008188196364790202
0.00810528548900038
0.008125585527159274
0.008098153211176396
0.008116812747903168
0.008213120722211897
0.008166034193709492
0.008150672959163784
0.00807817925233394
0.008238420798443257
0.008179177111014724
0.008191181160509587
0.00816858233883977
0.00813903771340847
0.008183948206715285
0.008114248677156866
0.008198185288347305
0.00809791253414005
0.008114456781186163
0.008155005378648638
0.00811286682728678
0.008107974263839423
0.008152743545360863
0.008119306014850735
0.008216080022975802
0.008145013265311718
0.008153964160010218
0.0081462521571666
0.008174984902143478
0.008156845322810113
0.00807200144045055
0.00816192312631756
0.008089436287991702
0.008142091357149184
0.008126403973437845
0.008154141274280846
0.008213233505375683
0.00811992734670639
0.008104899106547237
0.00814467528834939
0.008155973232351243
0.008223805297166108
0.008101773192174732
0.008136942377313971
0.008066827314905822
0.008090400276705623
0.008135641925036907
0.008180797938257456
0.008167281351052224
0.008052868209779263
0.008063455112278461
0.008218900347128511
0.008316479879431427
0.007978059211745858
0.008259566570632159
0.008002196601592005
0.007773804757744074
0.007563078426755965
0.007681984780356288
0.007679456798359752
0.007575366226956248
0.007458654046058655
0.007418529409915209
0.00741571793332696
0.007414350961335003
0.007438055006787181
0.007451794599182904
0.007331252633593977
0.007357052550651133
0.007332688057795167
0.0073494561947882175
0.007308901171199977
0.0072975721908733245
0.007356423675082624
0.007331431773491204
0.00728920386172831
0.0072546098846942185
0.00724511502776295
0.007195983920246363
0.007222258416004479
0.007231266214512288
0.007319801580160856
0.0072540890658274295
0.007328526442870497
0.007248123199678958
0.007206401252187788
0.0071800327161327
0.0072317945305258036
0.007269035116769374
0.007189542567357421
0.007145437202416361
0.007135562575422227
0.007187399221584201
0.007154316152445972
0.007122396444901824
0.007159353513270616
0.007097158511169255
0.0071416685823351145
0.007170003256760538
0.007251088391058147
0.007087696832604707
0.007056357199326157
0.007047824934124947
0.007027123868465423
0.007072291220538318
0.007135666464455426
0.007218203833326697
0.007122352812439203
0.0070451254490762946
0.007017649547196925
0.007059922837652266
0.007036184798926115
0.0070104378974065185
0.006997438287362457
0.007083333446644247
0.007298998348414898
0.007073158025741577
0.00704801119863987
0.007052573282271624
0.006984262890182435
0.006978811463341117
0.006976141850464046
0.0069980329601094125
0.006977501953952014
0.0071663135197013615
0.007116105337627232
0.007019950402900576
0.0070786023279652
0.006951509625650942
