0.027710044756531715
0.014811254106462002
0.015394742600619793
0.013028617948293686
0.012193428352475166
0.010600658133625984
0.008707125671207905
0.009548497386276722
0.010721880942583084
0.010791218839585781
0.008348936215043068
0.009047727100551128
0.008890577591955662
0.010032204911112785
0.009083792567253113
0.009315982460975647
0.008214135654270649
0.007286552805453539
0.007454625330865383
0.008460565470159054
0.00943666696548462
0.008018117398023605
0.008875074796378613
0.006789573468267918
0.008579290471971035
0.008307909592986107
0.006943827029317617
0.00834634155035019
0.0076091415248811245
0.011395747773349285
0.008527335710823536
0.00901638250797987
0.01021109614521265
0.008136986754834652
0.0101974718272686
0.008221877738833427
0.008571256883442402
0.008756892755627632
0.007427097763866186
0.007624950259923935
0.0072168889455497265
0.00892473105341196
0.00652283476665616
0.008703085593879223
0.008302108384668827
0.00930783711373806
0.006946215406060219
0.008930976502597332
0.010656345635652542
0.008173921145498753
0.008424201980233192
0.009367615915834904
0.009189305827021599
0.009930077940225601
0.007394491694867611
0.009491566568613052
0.00821880903095007
0.009817434474825859
0.008522551506757736
0.00955561175942421
0.007055703550577164
0.009025055915117264
0.008241858333349228
0.009015034884214401
0.006825860124081373
0.00852646492421627
0.007892691530287266
0.007262714207172394
0.00773266889154911
0.008543397299945354
0.008582640439271927
0.011848408728837967
0.00990078691393137
0.006774033885449171
0.006427413318306208
0.007651353254914284
0.008243345655500889
0.007975316606462002
0.008472919464111328
0.007749919779598713
0.010007522068917751
0.008079465478658676
0.008395864628255367
0.008501732721924782
0.009798201732337475
0.008590130135416985
0.008113118819892406
0.007836000062525272
0.007900460623204708
0.008196059614419937
0.008451967500150204
0.007381336763501167
0.007787676993757486
0.007027001120150089
0.00902677234262228
0.007509927731007338
0.00735051603987813
0.008416041731834412
0.00963212177157402
0.00708831287920475
0.009206600487232208
0.010086718946695328
0.007855303585529327
0.00867073517292738
0.008776547387242317
0.0085370521992445
0.007475012913346291
0.009203558787703514
0.008813440799713135
0.008448119275271893
0.009086322039365768
0.006845096591860056
0.008077251724898815
0.008439924567937851
0.007936137728393078
0.00750187411904335
0.008667152374982834
0.008293306455016136
0.0065137529745697975
0.006679181475192308
0.007800300605595112
0.0073295882903039455
0.008572849445044994
0.0067628007382154465
0.006824438460171223
0.009102613665163517
0.007179983891546726
0.007677499670535326
0.007903790101408958
0.006769451778382063
0.006723028142005205
0.006224213633686304
0.008048967458307743
0.008761906065046787
0.0069328537210822105
0.007475059945136309
0.008924422785639763
0.007824641652405262
0.00935180950909853
0.006446207407861948
0.007344601210206747
0.007073565851897001
0.008450157940387726
0.006112367380410433
0.0067236595787107944
0.009895110502839088
0.00822796206921339
0.006101072765886784
0.007062788121402264
0.008629786781966686
0.008436286821961403
0.008171549998223782
0.006782510783523321
0.008716749027371407
0.007606108672916889
0.007605195976793766
0.006809551734477282
0.00811583362519741
0.007019477896392345
0.008853471837937832
0.0062349517829716206
0.008179115131497383
0.009471995756030083
0.00668295007199049
0.007641713600605726
0.007224187254905701
0.0063142599537968636
0.007199968211352825
0.006116639357060194
0.007331627421081066
0.008256981149315834
0.008179018273949623
0.006864726543426514
0.006600781809538603
0.010833882726728916
0.007989596575498581
0.009372642263770103
0.008956223726272583
0.008858569897711277
0.007667822297662497
0.009974384680390358
0.006862158887088299
0.007263460662215948
0.007048370782285929
0.007899460382759571
0.007165059447288513
0.00908843707293272
0.0073060099966824055
0.006805883254855871
0.0075088138692080975
0.007676358334720135
0.009207312949001789
0.006829009857028723
0.007389008067548275
0.006590827368199825
0.0087042897939682
0.009139543399214745
0.006517523899674416
0.007712226826697588
0.008916043676435947
0.007097176741808653
0.007216338999569416
0.008467654697597027
0.008684935048222542
0.008733800612390041
0.007087469566613436
0.008759439922869205
0.008213731460273266
0.009300821460783482
0.006345498375594616
0.0070276157930493355
0.006007635500282049
0.00763536524027586
0.007360829506069422
0.0071853650733828545
0.00789469014853239
0.007694883272051811
0.007404618430882692
0.0087300855666399
0.008109441958367825
0.009712913073599339
0.007884714752435684
0.00841955654323101
0.006469998508691788
0.006438939832150936
0.006553108803927898
0.006967546418309212
0.007511857897043228
0.006901686079800129
0.006405699998140335
0.007620134390890598
0.007061440497636795
0.007008563727140427
0.008970377966761589
0.006862429436296225
0.007260037586092949
0.007591660134494305
0.006527263671159744
0.00667651416733861
0.0067610424011945724
0.006574711296707392
0.00770557252690196
0.006905453745275736
0.007414957508444786
0.007104039657860994
0.006170721724629402
0.007313401438295841
0.008030297234654427
0.007682986091822386
0.007497877813875675
0.007153686601668596
0.006348199211061001
0.008004175499081612
0.007460557855665684
0.006988974288105965
0.006690511479973793
0.006460808217525482
0.007027182262390852
0.007170683238655329
0.006090693175792694
0.007914992049336433
0.006441755685955286
0.007559501565992832
0.006956689991056919
0.007103490177541971
0.006671831477433443
0.006706930696964264
0.006550158839672804
0.00811707228422165
0.007218663580715656
0.006540493108332157
0.007202827371656895
0.006896232720464468
0.007488042116165161
0.006798916961997747
0.00690082274377346
0.006823964416980743
0.0064497897401452065
0.006255672313272953
0.007873301394283772
0.007824001833796501
0.00639206962659955
0.007134397979825735
0.006682038772851229
0.006952052935957909
0.007008688058704138
0.006217133719474077
0.00942465290427208
0.006806046701967716
0.006653097923845053
0.0059732794761657715
0.006689941510558128
0.006640363018959761
0.0076287249103188515
0.007157671730965376
0.006396516691893339
0.008238374255597591
0.007600053213536739
0.006297367159277201
0.0064324988052248955
