0.19764940440654755
0.1565568745136261
0.12008341401815414
0.06625623255968094
0.03854352608323097
0.03668301925063133
0.0331231988966465
0.03158886358141899
0.030996577814221382
0.0290510430932045
0.02836049534380436
0.027159586548805237
0.02603655308485031
0.025008372962474823
0.023951876908540726
0.022893080487847328
0.021689511835575104
0.020451990887522697
0.0189155675470829
0.017684388905763626
0.016504518687725067
0.015566843561828136
0.01572585478425026
0.013152416795492172
0.013004636391997337
0.011571938171982765
0.010365824215114117
0.011620123870670795
0.011631684377789497
0.009801807813346386
0.008993547409772873
0.008999811485409737
0.00984355341643095
0.008507371880114079
0.008803129196166992
0.008426343090832233
0.009166584350168705
0.00827354658395052
0.009019271470606327
0.008694620802998543
0.008375421166419983
0.008248439989984035
0.00861712172627449
0.00831593107432127
0.008244912140071392
0.008214658126235008
0.0089341439306736
0.008500991389155388
0.010394583456218243
0.008647492155432701
0.007773963268846273
0.008421927690505981
0.008055836893618107
0.00769284600391984
0.008070790208876133
0.00809761043637991
0.008385186083614826
0.007483192253857851
0.007645202800631523
0.0077225943095982075
0.008104856126010418
0.007625452242791653
0.008250518701970577
0.01038365252315998
0.007972316816449165
0.009046690538525581
0.007418197579681873
0.007846644148230553
0.00743098882958293
0.008024036884307861
0.008273481391370296
0.0073505304753780365
0.008350668475031853
0.007743856403976679
0.007274136412888765
0.0073903752490878105
0.007337780203670263
0.007504143286496401
0.00840333104133606
0.007863672450184822
0.007285256404429674
0.0077281491830945015
0.008092628791928291
0.007429038640111685
0.008007071912288666
0.007459632586687803
0.007305456325411797
0.007920024916529655
0.008165731094777584
0.007630534935742617
0.007266822271049023
0.007147318683564663
0.007152478210628033
0.007289579138159752
0.007391915190964937
0.0075033423490822315
0.007570324931293726
0.007619220297783613
0.008350769057869911
0.007045594044029713
0.00750776706263423
0.008528449572622776
0.008070709183812141
0.007560770493000746
0.007061234209686518
0.007020434830337763
0.007586261723190546
0.007481575943529606
0.008190268650650978
0.007321122568100691
0.007635988760739565
0.008334051817655563
0.0075914752669632435
0.0075925965793430805
0.00827634148299694
0.006897754967212677
0.007284005172550678
0.007938298396766186
0.007780151907354593
0.0072148023173213005
0.0072853113524615765
0.007028020452708006
0.007593735121190548
0.007910141721367836
0.007166605442762375
0.007360685616731644
0.00725259305909276
0.008354163728654385
0.008071571588516235
0.007370182778686285
0.007521600928157568
0.0071586440317332745
0.007334443274885416
0.007203538436442614
0.006970187183469534
0.006945095956325531
0.006833185441792011
0.00701861223205924
0.0071436394937336445
0.0073390225879848
0.00700754951685667
0.007266259752213955
0.0071222055703401566
0.006765188183635473
0.0068749370984733105
0.007100200746208429
0.006839463021606207
0.006949936505407095
0.0068104881793260574
0.007222537882626057
0.006828722078353167
0.00692075164988637
0.006813351530581713
0.007218413520604372
0.007228904869407415
0.0072085801512002945
0.007198958657681942
0.006905196234583855
0.007155133876949549
0.007424278650432825
0.007914667017757893
0.008799255825579166
0.007650338113307953
0.006981340702623129
0.00662597781047225
0.0066464063711464405
0.007838999852538109
0.007109676022082567
0.007283479906618595
0.00686153257265687
0.00690075196325779
0.006811717990785837
0.006878003478050232
0.0069734337739646435
0.006780695635825396
0.007180230226367712
0.007421022281050682
0.006558530032634735
0.006868030410259962
0.007563258986920118
0.00711512565612793
0.0069029564037919044
0.006782844662666321
0.006943120621144772
0.007334948983043432
0.006990107707679272
0.006607792340219021
0.006635448895394802
0.006783176679164171
0.006767409387975931
0.006806941702961922
0.00795384868979454
0.007508776616305113
0.006566427648067474
0.006635619793087244
0.006686877924948931
0.00691473763436079
0.00733135687187314
0.006862681824713945
0.0065429722890257835
0.006728049833327532
0.006673548370599747
0.006616262253373861
0.006785070989280939
0.006937055848538876
0.007179055828601122
0.007026649545878172
0.006850048433989286
0.006935810670256615
0.006903238594532013
0.0065965475514531136
0.007703580893576145
0.007068506442010403
0.006817922927439213
0.007841636426746845
0.006973054725676775
0.007558847777545452
0.007177263963967562
0.006435000337660313
0.007170308846980333
0.00770947802811861
0.007153439801186323
0.006451496854424477
0.006569881457835436
0.007103199139237404
0.006640431936830282
0.00689798453822732
0.006695280317217112
0.00674788560718298
0.006448614411056042
0.006418183911591768
0.006975521333515644
0.007021832745522261
0.006795065477490425
0.007488683797419071
0.0072494386695325375
0.007037518545985222
0.0075065079145133495
0.006653223652392626
0.007554678246378899
0.007619886193424463
0.007006344385445118
0.00712057389318943
0.007047122344374657
0.0069649736396968365
0.006396373733878136
0.0067778052762150764
0.006861132103949785
0.007114204112440348
0.006651182658970356
0.007075231522321701
0.006587440147995949
0.006313658785074949
0.00672765402123332
0.006923751439899206
0.006668779067695141
0.006444024853408337
0.006481108255684376
0.008149457164108753
0.0072726234793663025
0.006759136915206909
0.006467116065323353
0.0063909864984452724
0.006619262043386698
0.006411610636860132
0.006601659115403891
0.006495208479464054
0.006737318355590105
0.006539338268339634
0.008748923428356647
0.007457658648490906
0.007059572730213404
0.006437762640416622
0.006556355394423008
0.006684157066047192
0.006343034561723471
0.006333382800221443
0.007631709799170494
0.007321428041905165
0.006765445694327354
0.007089484948664904
0.007071845233440399
0.006393230054527521
0.006539763882756233
0.006518753711134195
0.006767728831619024
0.007152143400162458
0.006121359765529633
0.006342586595565081
0.006734225898981094
0.006182520650327206
0.0065878997556865215
0.006350204814225435
0.00722160842269659
0.0066076843068003654
0.007008896674960852
0.0062226224690675735
0.006638763938099146
0.006272197235375643
0.0063352156430482864
0.006294034421443939
0.006574329454451799
0.006414145231246948
0.006470666266977787
0.006381411571055651
0.006878291722387075
0.006183088757097721
0.006141037680208683
0.00626605236902833
0.006362354848533869
0.006230034865438938
0.0063095372170209885
0.0062166922725737095
0.007182165049016476
0.0067720795050263405
0.00924764759838581
0.008504311554133892
0.007326825056225061
0.006829547230154276
0.0061865816824138165
0.007630649022758007
0.0064971186220645905
0.0064459494315087795
0.006225988734513521
0.006118315272033215
0.00639760959893465
0.0064898268319666386
0.006479494273662567
0.006153679918497801
0.006632705219089985
0.006430069915950298
0.006267895456403494
0.006291523575782776
0.006937654223293066
0.007177412044256926
0.006260488647967577
0.006260632537305355
0.006071984302252531
0.0064733317121863365
0.006118075456470251
0.00612486619502306
0.006244559306651354
0.006005147937685251
0.00623269472271204
0.006328355520963669
0.00623698253184557
0.006041930988430977
0.006076025776565075
0.006214912980794907
0.006276311818510294
0.006179566960781813
0.006113157141953707
0.006311498582363129
0.006714965682476759
0.006536081898957491
0.006349598523229361
0.006234750151634216
0.006161114666610956
0.006166496779769659
0.00605017738416791
0.00671687675639987
0.006049970164895058
0.006149468943476677
0.006286095827817917
0.006449181120842695
0.0069501991383731365
0.006195519585162401
0.006254855543375015
0.0061333924531936646
0.006491431966423988
0.0066202012822031975
0.006403070408850908
0.00615101121366024
0.0061388467438519
0.006290154531598091
0.006283445283770561
0.007180443499237299
0.006363821215927601
0.006763874553143978
0.006342010106891394
0.006177621893584728
0.0059347981587052345
0.006054028868675232
0.0059827519580721855
0.006116502918303013
0.005900711752474308
0.006157265976071358
0.006242991890758276
0.006231984589248896
0.006111280061304569
0.006136700976639986
0.006461340934038162
0.0059768036007881165
0.006110107060521841
0.0063798394985497
0.005888402462005615
0.006344710011035204
0.0059335725381970406
0.006061033345758915
0.006325486581772566
