650.9629440307617
623.0615829467773
615.5278335571289
613.0835006713867
612.235107421875
611.8718185424805
611.6655776977539
611.53154296875
611.4415481567382
611.3771041870117
611.3259140014649
611.281901550293
611.244384765625
611.2122009277343
611.1874557495117
611.1681716918945
611.1519332885742
611.1377746582032
611.124674987793
611.1111022949219
611.0990554809571
611.0885452270508
611.0793975830078
611.071305847168
611.0640686035156
611.0573745727539
611.0512985229492
611.0456695556641
611.040397644043
611.0354034423829
611.0308044433593
611.0264526367188
611.0224105834961
611.0186325073242
611.0150512695312
611.0115661621094
611.0082916259765
611.0051544189453
611.0022094726562
610.9993743896484
610.9967437744141
610.9941543579101
610.9916870117188
610.9893203735352
610.9870529174805
610.9848052978516
610.9827301025391
610.9807495117187
610.9787048339844
610.9769058227539
610.9750137329102
610.9732452392578
610.9715240478515
610.9698699951172
610.9682479858399
610.9666885375976
610.9652526855468
610.9637512207031
610.962321472168
610.9609680175781
610.9596069335937
610.9583175659179
610.9570526123047
610.9558181762695
610.9546691894532
610.9535263061523
610.9524642944336
610.9514862060547
610.950407409668
610.9494537353515
610.9486099243164
610.9476272583008
610.946745300293
610.9461303710938
610.9458709716797
610.9456680297851
610.9454635620117
610.9452575683594
610.9450698852539
610.944856262207
610.9446975708008
610.9445190429688
610.9443618774415
610.944204711914
610.9440521240234
610.9438903808593
610.9438034057617
610.9436309814453
610.9435028076172
610.9433944702148
610.9432754516602
610.9431228637695
610.9430557250977
610.9428894042969
610.9428039550781
610.9426498413086
610.9425506591797
610.9424667358398
610.9423355102539
610.9422714233399
610.9421539306641
610.9420745849609
610.9419647216797
610.9418914794921
610.9417694091796
610.9417282104492
610.9416275024414
610.941552734375
610.9414916992188
610.9413757324219
610.9412673950195
610.9411834716797
610.9411407470703
610.9410705566406
610.9409622192383
610.9408599853516
610.9408157348632
610.9407531738282
610.9406524658203
610.9406280517578
610.94052734375
610.9404754638672
610.9403884887695
610.9403671264648
610.9402618408203
610.9402069091797
610.9401489257813
610.9401214599609
610.9399963378906
610.9400009155273
610.939909362793
610.9398223876954
610.9397628784179
610.939714050293
610.9396423339844
610.9395904541016
610.9395462036133
610.9394775390625
610.9394134521484
610.9393630981446
610.9393295288086
610.9392456054687
610.9391815185547
610.9391464233398
610.9391006469726
610.9390304565429
610.9390045166016
610.9389114379883
610.9388702392578
610.9388259887695
610.9387557983398
610.9387390136719
610.9387008666993
610.9386367797852
610.9385711669922
610.9385437011719
610.938510131836
610.9384460449219
610.9384201049804
610.938363647461
610.9383361816406
610.9383041381836
610.9382308959961
610.9381881713867
610.9381500244141
610.9381484985352
610.9380798339844
610.9380493164062
610.938069152832
610.9379821777344
610.9379699707031
610.9379150390625
610.9378829956055
610.9378448486328
610.9378265380859
610.9377975463867
610.9377471923829
610.9377456665039
610.9376892089844
610.9376739501953
610.9377029418945
610.9376068115234
610.9375854492188
610.9375656127929
610.9375213623047
610.9375274658203
610.937466430664
610.9374359130859
610.9374145507812
610.9374008178711
610.9373718261719
610.937351989746
610.9373352050782
610.9373123168946
610.9372772216797
610.9372680664062
610.9372451782226
610.9372375488281
610.9371780395508
610.9371627807617
610.9371368408204
610.9371139526368
610.9371292114258
610.9370986938477
610.9370697021484
610.9370315551757
610.9369934082031
610.93701171875
610.9370162963867
610.9369476318359
610.9369338989258
610.9369415283203
610.9369049072266
610.9368865966796
610.9368743896484
610.9368881225586
610.9368194580078
610.9368133544922
610.9368072509766
610.936750793457
610.9367706298829
610.9367660522461
610.9367599487305
610.9366821289062
610.9366943359375
610.9366500854492
610.936671447754
610.9366577148437
610.9366088867188
610.9365905761719
610.9365859985352
610.936557006836
610.9365707397461
610.9365432739257
610.9365219116211
610.9365325927735
610.9364852905273
610.936489868164
610.9364700317383
610.9364791870117
610.9364227294922
610.9364379882812
610.9363952636719
610.936375427246
610.9363815307618
610.9363693237304
610.9363433837891
610.9363327026367
610.9363250732422
610.9363250732422
610.9362930297851
610.9363006591797
610.9362487792969
610.9362686157226
610.9362243652344
610.9362670898438
610.9362213134766
610.9362045288086
610.9362091064453
610.9361709594726
610.9361679077149
610.936164855957
610.9361770629882
610.936131286621
610.9361251831054
610.9361221313477
610.9361175537109
610.9360809326172
610.9361022949219
610.9360549926757
610.9360626220703
610.9360336303711
610.9360107421875
610.936003112793
610.9360397338867
610.936003112793
610.9359588623047
610.9359909057617
610.9359512329102
610.9359344482422
610.9359588623047
610.9359695434571
610.9359176635742
610.935920715332
610.9359008789063
610.9359085083008
610.9359237670899
610.9358978271484
610.9358779907227
610.9358749389648
610.9358703613282
610.935824584961
610.9358276367187
610.9358291625977
610.9358093261719
610.9358062744141
610.9357955932617
610.9357879638671
610.9358001708985
610.935791015625
