0.03657718375325203
0.036962855607271194
0.03661738336086273
0.03654127195477486
0.03653806447982788
0.036503713577985764
0.03648952394723892
0.03635190427303314
0.03623143211007118
0.03653218224644661
0.0359201580286026
0.03625437989830971
0.03538229689002037
0.03573501482605934
0.034515831619501114
0.034834735095500946
0.033502642065286636
0.03327540308237076
0.0321040116250515
0.031755946576595306
0.030481889843940735
0.030388282611966133
0.02916584722697735
0.030010072514414787
0.028561241924762726
0.028171151876449585
0.027360517531633377
0.02869011089205742
0.026618335396051407
0.027682989835739136
0.02642001025378704
0.025377530604600906
0.02508680522441864
0.02607201598584652
0.02462638169527054
0.023700503632426262
0.02312115766108036
0.02330770529806614
0.021537916734814644
0.021792912855744362
0.02029096893966198
0.01958348974585533
0.019062917679548264
0.01902787573635578
0.018356675282120705
0.018184222280979156
0.01797505095601082
0.017559409141540527
0.017220396548509598
0.01760750077664852
0.01699831336736679
0.01683596894145012
0.01654546707868576
0.016773458570241928
0.016532545909285545
0.016246512532234192
0.016077164560556412
0.016213882714509964
0.01601719669997692
0.015679987147450447
0.015765421092510223
0.015737950801849365
0.015409841202199459
0.015702685341238976
0.015434102155268192
0.015411795116961002
0.015370795503258705
0.01554107666015625
0.015227864496409893
0.01567046344280243
0.015186971053481102
0.015063031576573849
0.014964813366532326
0.01511133648455143
0.015090136788785458
0.015286780893802643
0.014929099008440971
0.01486929040402174
0.014757602475583553
0.014791425317525864
0.014671430923044682
0.014947214163839817
0.014740372076630592
0.014924759976565838
0.014702867716550827
0.014927130192518234
0.014456965029239655
0.014293553307652473
0.014523105695843697
0.014875424094498158
0.01463224645704031
0.014255469664931297
0.014475842006504536
0.014750687405467033
0.01441947091370821
0.014492334797978401
0.01451555360108614
0.014025917276740074
0.01438441127538681
0.01434266660362482
0.014377997256815434
0.014053171500563622
0.014248871244490147
0.014226618222892284
0.014248638413846493
0.014307460747659206
0.014009155333042145
0.01419327687472105
0.014001612551510334
0.014271125197410583
0.013873320072889328
0.013951873406767845
0.01386800967156887
0.013930320739746094
0.013643709011375904
0.013979953713715076
0.01376598421484232
0.01395573653280735
0.013655384071171284
0.013248556293547153
0.013464323244988918
0.013051182962954044
0.013387219980359077
0.013182087801396847
0.013355077244341373
0.0132795050740242
0.013262285850942135
0.01293187215924263
0.01316493283957243
0.013029752299189568
0.013006098568439484
0.01289843488484621
0.013056464493274689
0.012976116500794888
0.012848038226366043
0.012923753820359707
0.012863369658589363
0.012737341225147247
0.012748035602271557
0.012861148454248905
0.012774301692843437
0.012978382408618927
0.012752225622534752
0.012971173040568829
0.012721322476863861
0.01268222276121378
0.012627371586859226
0.012610722333192825
0.01273644994944334
0.012903289869427681
0.012587327510118484
0.012518576346337795
0.01269550807774067
0.012348025105893612
0.012615429237484932
0.01252946350723505
0.012617131695151329
0.012586036697030067
0.012519218027591705
0.012864870950579643
0.012437613680958748
0.012537943199276924
0.01249702088534832
0.0123453289270401
0.012538949027657509
0.012822352349758148
0.012459947727620602
0.012490269728004932
0.012360614724457264
0.012749403715133667
0.012426354922354221
0.012294637970626354
0.012372835539281368
0.012570570223033428
0.012331402860581875
0.012533973902463913
0.012467123568058014
0.011982472613453865
0.01236117072403431
0.01237504556775093
0.012355579063296318
0.012602263130247593
0.012299736961722374
0.012216598726809025
0.012233090586960316
0.012451543472707272
0.012251387350261211
0.012670486234128475
0.012244674377143383
0.012508433312177658
0.012323793023824692
0.011954943649470806
0.012307966127991676
0.012311754748225212
0.012236515060067177
0.012279286980628967
0.012287002988159657
0.012079034000635147
0.01217245776206255
0.012372449040412903
0.012221590615808964
0.01222291775047779
0.012091788463294506
0.012458077631890774
0.012230436317622662
0.012214506976306438
0.012204055674374104
0.012357889674603939
0.012098719365894794
0.012453724630177021
0.012014132924377918
0.012468462809920311
0.012251568026840687
0.012086496688425541
0.012201777659356594
0.011791507713496685
0.012168536894023418
0.011984556913375854
0.012052968144416809
0.012386701069772243
0.012080997228622437
0.012293443083763123
0.012128877453505993
0.012108609080314636
0.01213841326534748
0.012418567202985287
0.012152453884482384
0.01204441674053669
0.012117871083319187
0.012142051942646503
0.01210442278534174
0.012273140251636505
0.012047330848872662
0.012025398202240467
0.01204800046980381
0.012239519506692886
0.012261618860065937
0.011852974072098732
0.01211914885789156
0.012007229961454868
0.012105485424399376
0.012181001715362072
0.012052389793097973
0.012435732409358025
0.012120993807911873
0.011894571594893932
0.012112113647162914
0.012004985474050045
0.012157470919191837
0.011913596652448177
0.012182005681097507
0.011747666634619236
0.012071342207491398
0.012023180723190308
0.012121368199586868
0.011891204863786697
0.01192981656640768
0.012450330890715122
0.011923406273126602
0.01223638653755188
0.012040318921208382
0.012151924893260002
0.012090623378753662
0.011882768012583256
0.011998587287962437
0.011977101676166058
0.011900287121534348
0.012113863602280617
0.011999542824923992
0.011989095248281956
0.011919957585632801
0.01246424950659275
0.011953204870223999
0.011870207265019417
0.011911041103303432
0.01230141706764698
0.011872684583067894
0.011985833756625652
0.01213795691728592
0.011973009444773197
0.012034471146762371
0.01205301284790039
0.011964262463152409
0.011907788924872875
0.011960139498114586
0.011796531267464161
0.011857418343424797
0.012094915844500065
0.011940797790884972
0.011770305223762989
0.011847177520394325
0.011928175576031208
0.011953516863286495
0.011815541423857212
0.011905436404049397
0.011740217916667461
0.011828913353383541
0.011873338371515274
0.01189840491861105
0.011788326315581799
0.011780684813857079
0.011656675487756729
0.011590883135795593
0.011955922469496727
0.01169971376657486
0.011714797466993332
0.011608430184423923
0.011897060088813305
0.011688522063195705
0.011730247177183628
0.011688875034451485
0.011900779791176319
0.011617720127105713
0.011655936948955059
0.011483310721814632
0.011803098022937775
0.011611904948949814
0.011327945627272129
0.011667588725686073
0.011265592649579048
0.011544572189450264
0.011563153006136417
0.011481383815407753
0.011425950564444065
0.011513140052556992
0.011520887725055218
0.011499186977744102
0.011195451952517033
0.011381134390830994
0.011549453251063824
0.011289625428617
0.011575647629797459
0.01122687291353941
0.0117821479216218
0.011271921917796135
0.011540096253156662
0.011455199681222439
0.011151192709803581
0.011233658529818058
0.011676889844238758
0.011357484385371208
0.011047830805182457
0.011241365224123001
0.011382135562598705
0.011329817585647106
0.011128516867756844
0.011207720264792442
0.011343510821461678
0.01124659925699234
0.011023476719856262
0.01121719554066658
0.011184483766555786
0.01113626267760992
0.011163335293531418
0.01121749822050333
0.010984131135046482
0.011259266175329685
0.010669509880244732
0.011191582307219505
0.010911605320870876
0.011096864938735962
0.011070490814745426
0.011131004430353642
0.010930079035460949
0.011140916496515274
0.010887166485190392
0.011005355976521969
0.011289296671748161
0.010910531505942345
0.011341133154928684
0.011115234345197678
0.01075868308544159
0.011055611073970795
0.010778543539345264
0.011092063039541245
0.010701483115553856
0.011042241007089615
0.010717089287936687
0.010980989784002304
0.010924026370048523
0.010944204404950142
0.010987739078700542
0.010917631909251213
0.010956509970128536
0.011027052998542786
0.010680721141397953
0.010973741300404072
0.010598674416542053
0.010825117118656635
0.010902310721576214
0.010800495743751526
0.011012102477252483
0.01069308165460825
0.01137038879096508
0.010895207524299622
0.01081002689898014
0.010835722088813782
0.010864393785595894
0.01086221169680357
0.010727984830737114
0.010852743871510029
0.010692071169614792
0.010720698162913322
0.010970868170261383
0.010823220014572144
0.010625476948916912
0.010610302910208702
0.011068684980273247
0.010847445577383041
0.0104729775339365
0.01079705823212862
0.01050210278481245
0.010555573739111423
0.01133203785866499
0.010699874721467495
0.010747719556093216
0.010812501423060894
0.01045240182429552
0.01069195382297039
0.010673352517187595
0.010677102021872997
0.010716739110648632
0.010505493730306625
0.011202466674149036
0.010555748827755451
0.010964707471430302
0.01042873039841652
0.011164860799908638
0.010611972771584988
0.010710131376981735
0.010677642188966274
0.01035549957305193
0.010532085783779621
0.010807928629219532
0.010503707453608513
0.010819328017532825
0.010684859938919544
0.010149054229259491
0.010511708445847034
0.01071152463555336
0.010521908290684223
0.0107624726369977
0.010460195131599903
0.010723513551056385
0.010409984737634659
0.010836434550583363
0.010540824383497238
0.01049620658159256
0.010418657213449478
0.010726474225521088
0.010457427240908146
0.010585211217403412
0.010455903597176075
0.01059903483837843
0.010618866421282291
0.010081089101731777
0.010507360100746155
0.010313647799193859
0.010387572459876537
0.01074653584510088
0.010426375083625317
0.010521434247493744
0.010487486608326435
0.010265769436955452
0.01029267255216837
0.01073077879846096
0.010413466021418571
0.010393579490482807
0.010405875742435455
0.010318824090063572
0.0104958051815629
0.010034791193902493
0.010492019355297089
0.010238327085971832
0.010240200906991959
0.010657167993485928
0.010465661063790321
0.010095769539475441
0.010343631729483604
0.010451659560203552
0.010359412059187889
0.010261409915983677
0.010298016481101513
0.01049269363284111
0.01035662554204464
0.010173876769840717
0.01040445826947689
0.010083409026265144
0.010348756797611713
0.010129496455192566
0.010330069810152054
0.010192722082138062
0.010351697914302349
0.009991909377276897
0.01038654800504446
0.009972117841243744
0.010325871407985687
0.010042489506304264
0.010323450900614262
0.010172850452363491
0.010381300002336502
0.010029194876551628
0.010296986438333988
0.010132943280041218
0.010129177011549473
0.010503243654966354
0.010355746373534203
0.009890212677419186
0.00999564677476883
0.010889589786529541
0.010296194814145565
0.009983370080590248
0.010213414207100868
0.010109982453286648
0.010267861187458038
0.010053697042167187
0.010222322307527065
0.009923053905367851
0.010097022168338299
0.010367050766944885
0.010193876922130585
0.010000691749155521
0.010128135792911053
0.010279285721480846
0.010211032815277576
0.010057492181658745
0.01019758079200983
0.009967616759240627
0.010182269848883152
0.009868199937045574
0.010149605572223663
0.009969335980713367
0.00998549535870552
0.010563268326222897
0.009956128895282745
0.010510481894016266
0.010022932663559914
0.01027543656527996
0.009969771839678288
0.01054979208856821
0.009930139407515526
0.010486822575330734
0.009979424066841602
0.010442055761814117
0.009982191026210785
0.01029276940971613
0.010131577961146832
0.009743527509272099
0.0101054348051548
0.009937102906405926
0.010145056992769241
0.009766939096152782
0.010061024688184261
0.009951171465218067
0.010027437470853329
0.010018537752330303
0.010056773200631142
0.009882659651339054
0.009854424744844437
0.010520273819565773
0.00999363698065281
0.010159803554415703
0.010150418616831303
0.009589278139173985
0.009967097081243992
0.01015824731439352
0.010086850263178349
0.009804987348616123
0.00991656631231308
0.01028220821171999
0.009904803708195686
0.010299445129930973
0.010040025226771832
0.009786269627511501
0.00982673279941082
0.010319982655346394
0.010047119110822678
0.00968417339026928
0.010067370720207691
0.00978293176740408
0.010029834695160389
0.00973464921116829
0.00998320709913969
0.009805821813642979
0.00986736360937357
0.009971045888960361
0.009845267049968243
0.010243386030197144
0.009876327589154243
0.009851396083831787
0.009959744289517403
0.009751963429152966
0.009828096255660057
0.010123789310455322
0.009926077909767628
0.00984027236700058
0.009998802095651627
0.009598659351468086
0.009924153797328472
0.0096555445343256
