0.15463581681251526
0.06343210488557816
0.029382724314928055
0.020233171060681343
0.017330579459667206
0.01539747416973114
0.013964466750621796
0.013868019916117191
0.012794477865099907
0.012381098233163357
0.011786506511271
0.011947683990001678
0.011788442730903625
0.011121765710413456
0.011287844739854336
0.011435156688094139
0.0123672466725111
0.010394060052931309
0.010088874027132988
0.010827717371284962
0.010261280462145805
0.010794157162308693
0.01168114971369505
0.010127517394721508
0.010319236665964127
0.009897040203213692
0.009589791297912598
0.00986221618950367
0.009700551629066467
0.008878763765096664
0.009389336220920086
0.009352478198707104
0.009649206884205341
0.010441513732075691
0.010318407788872719
0.009707199409604073
0.009175430051982403
0.009035779163241386
0.008546088822185993
0.008937551639974117
0.009236570447683334
0.00900745578110218
0.008488056249916553
0.008432522416114807
0.009400811046361923
0.008638010360300541
0.008884160779416561
0.008560259826481342
0.008265923708677292
0.008127584122121334
0.008906010538339615
0.008782913908362389
0.00829609390348196
0.008958234451711178
0.008466368541121483
0.008576435036957264
0.008401348255574703
0.008156885392963886
0.007866071537137032
0.007914839312434196
0.007750246208161116
0.007848167791962624
0.007944540120661259
0.008629551157355309
0.008680570870637894
0.008114242926239967
0.007940435782074928
0.007499714847654104
0.0075996932573616505
0.007455081678926945
0.007413079962134361
0.007535008247941732
0.0074525317177176476
0.007869764231145382
0.007497786078602076
0.007707907818257809
0.007469915319234133
0.007596151903271675
0.007950708270072937
0.007417082320898771
0.007311641704291105
0.007755307946354151
0.007589726708829403
0.00748636107891798
0.008718597702682018
0.007299907971173525
0.007446333300322294
0.0077123092487454414
0.007783830631524324
0.0072149550542235374
0.008194202557206154
0.007596222683787346
0.007472383324056864
0.0072454833425581455
0.007344932295382023
0.007357919123023748
0.008142373524606228
0.008130946196615696
0.008044719696044922
0.008366108871996403
0.008182710036635399
0.007282647304236889
0.0074643343687057495
0.007304494734853506
0.007132773287594318
0.007450789213180542
0.007072941865772009
0.007701387163251638
0.007869298569858074
0.007474496029317379
0.007964879274368286
0.0072852205485105515
0.007685717195272446
0.00751666072756052
0.008387650363147259
0.00768626993522048
0.007014087866991758
0.007530118804425001
0.007680854760110378
0.007417051587253809
0.007276628632098436
0.007062302436679602
0.007082142401486635
0.00711438711732626
0.0073804110288619995
0.007564270868897438
0.006994249764829874
0.00705968402326107
0.007100269198417664
0.007187207229435444
0.006875497289001942
0.006845332682132721
0.007278514094650745
0.00690273754298687
0.0069406782276928425
0.006866860203444958
0.006868625059723854
0.007133966311812401
0.00693814130499959
0.006964315660297871
0.007015332579612732
0.006843798793852329
0.006823841016739607
0.0071991789154708385
0.007036370690912008
0.008020722307264805
0.007967274636030197
0.007057270035147667
0.007413027808070183
0.007599572651088238
0.007141121197491884
0.007628136780112982
0.006976507604122162
0.007789758965373039
0.007688512559980154
0.007101242430508137
0.007059644442051649
0.007551828399300575
0.006925526540726423
0.006938518024981022
0.006834059953689575
0.006827525794506073
0.0068394821137189865
0.007127207238227129
0.006828492507338524
0.00730932829901576
0.006960422731935978
0.007189684547483921
0.007190195843577385
0.006831242702901363
0.006870843004435301
0.0065702712163329124
0.007036380469799042
0.006789900828152895
0.007208820898085833
0.007428188808262348
0.007124761119484901
0.0067685749381780624
0.006779464893043041
0.006865410134196281
0.006790241226553917
0.0068368371576070786
0.006834866479039192
0.007037146482616663
0.006815753411501646
0.006618229206651449
0.006845610216259956
0.006704531144350767
0.007042665034532547
0.007225043140351772
0.007623891346156597
0.0069851987063884735
0.006710815709084272
0.007704411633312702
0.007486610673367977
0.006657705642282963
0.006848646327853203
0.0068149203434586525
0.006783743388950825
0.006805571727454662
0.006725062150508165
0.0068397014401853085
0.006743894424289465
0.006676860153675079
0.006824825424700975
0.007029949687421322
0.007063419558107853
0.007448454387485981
0.0071265785954892635
0.006619347259402275
0.006697196513414383
0.006668813992291689
0.0068788668140769005
0.007551443763077259
0.0072594303637743
0.006907283794134855
0.006866486743092537
0.0066381492651999
0.006703827530145645
0.006721582263708115
0.006895681377500296
0.006842257454991341
0.00680138124153018
0.00689060240983963
0.006652442738413811
0.006729778368026018
0.006904760375618935
0.006658730562776327
0.006652760785073042
0.007008025422692299
0.006922457367181778
0.0065052807331085205
0.006696635391563177
0.006554231978952885
0.006709432695060968
0.006719809956848621
0.006692068185657263
0.0069517046213150024
0.0071810390800237656
0.007147969212383032
0.0069692498072981834
0.006916511803865433
0.006949006114155054
0.006729240994900465
0.006601389963179827
0.006849317811429501
0.006721304729580879
0.007382762152701616
0.0066207279451191425
0.006807900499552488
0.006634778343141079
0.0067316400818526745
0.007153228856623173
0.006592331919819117
0.006862045731395483
0.006544875912368298
0.0066526103764772415
0.0065764449536800385
0.006635691039264202
0.006863167975097895
0.006655590143054724
0.00669050682336092
0.006601304747164249
0.00662194611504674
0.006754179950803518
0.00715827289968729
0.006819261237978935
0.006640670355409384
0.006420480087399483
0.006558777764439583
0.006439653690904379
0.006993904709815979
0.006743869744241238
0.006719835102558136
0.006733031012117863
0.006614966318011284
0.0067645711824297905
0.006791043560951948
0.0067704832181334496
0.006584792863577604
0.006748070474714041
0.006519076880067587
0.006499104667454958
0.006536057218909264
0.006643077824264765
0.006854115519672632
0.006933891214430332
0.006652078591287136
0.007001688703894615
0.006759324576705694
0.006555798463523388
0.006730495486408472
0.006416039541363716
0.006542940624058247
0.006468572188168764
0.006724667269736528
0.00647410424426198
0.006599522661417723
0.006750685162842274
0.006459296215325594
0.0064275530166924
0.00657172966748476
0.006626412738114595
0.006943580694496632
0.00658039515838027
0.007262283470481634
0.0063325329683721066
0.00682001281529665
0.006694106850773096
0.006635406520217657
0.006519189570099115
0.006764960940927267
0.006602803245186806
0.006837911903858185
0.006670586299151182
0.006559507455676794
0.006798754911869764
0.00674717640504241
0.006687665358185768
0.006700090132653713
0.0068307132460176945
0.006606006529182196
0.006590377539396286
0.006724911741912365
0.00633377768099308
0.00723927142098546
0.006848188117146492
0.00643308786675334
0.00641823373734951
0.006551595404744148
0.006524411495774984
0.0065215216018259525
0.006843810901045799
0.006952344905585051
0.006866875570267439
0.006597467232495546
0.0067828986793756485
0.006539516616612673
0.00651208171620965
0.006453844718635082
0.006597730331122875
0.006863742601126432
0.006431691348552704
0.0068917362950742245
0.006572449579834938
0.006729221437126398
0.006655557081103325
0.0067550004459917545
0.006809608079493046
0.006703631486743689
0.006502983160316944
0.006505664438009262
0.006419787649065256
0.006960866507142782
0.006512950640171766
0.006611628457903862
0.00668021896854043
0.0071664778515696526
0.006592680234462023
0.006641600746661425
0.006720299832522869
0.006551822647452354
0.006456136237829924
0.0066683245822787285
0.006406777538359165
0.006494842004030943
0.006622054614126682
0.0065452721901237965
0.006801086477935314
0.00668012211099267
0.006635860074311495
0.006802447140216827
0.00681650172919035
0.006375892087817192
0.0065644001588225365
0.006596120540052652
0.006530451588332653
0.006347780115902424
0.006695728749036789
0.006474604364484549
0.006503849755972624
0.00653918506577611
0.0066495914943516254
0.006503136362880468
0.006421996746212244
0.006484008859843016
0.006331633776426315
0.006596783641725779
0.006586797535419464
0.006398509256541729
0.006493275985121727
0.006484647747129202
0.006656177341938019
0.006427503656595945
0.006591008976101875
0.0066558439284563065
0.006347459275275469
0.006461732089519501
0.006484289653599262
0.006492821034044027
