0.04575815424323082
0.046014782041311264
0.04470556601881981
0.04895120859146118
0.04551975429058075
0.046284571290016174
0.04511735588312149
0.04726751148700714
0.046078506857156754
0.04416079819202423
0.04460422322154045
0.04836597666144371
0.045717738568782806
0.04480266198515892
0.04619789868593216
0.043142180889844894
0.04494119808077812
0.04669738560914993
0.04538959637284279
0.04513885825872421
0.045660510659217834
0.04411843791604042
0.04475996643304825
0.04661073163151741
0.04550938680768013
0.0441523939371109
0.04560600593686104
0.043667372316122055
0.04538833722472191
0.04412098601460457
0.04507479816675186
0.04486678168177605
0.04526861011981964
0.04409465566277504
0.04379316419363022
0.048326246440410614
0.04495538771152496
0.04465436190366745
0.045134250074625015
0.04393114149570465
0.045000385493040085
0.04415493831038475
0.04441782832145691
0.04572174698114395
0.04494559392333031
0.04395928978919983
0.0449397936463356
0.04380180686712265
0.04343605041503906
0.0481400229036808
0.04476116970181465
0.04399473965167999
0.04440271854400635
0.04490575194358826
0.04412340000271797
0.045580506324768066
0.0432814285159111
0.04794396460056305
0.043189216405153275
0.04805712774395943
0.04402069002389908
0.04540588706731796
0.044778019189834595
0.04297935962677002
0.04325999692082405
0.04737773537635803
0.04337073490023613
0.04689754545688629
0.044208478182554245
0.044233158230781555
0.04474370926618576
0.042478837072849274
0.04366455227136612
0.04557669907808304
0.04565805569291115
0.039456430822610855
0.044327981770038605
0.04330898076295853
0.04410736635327339
0.04383203014731407
0.043898649513721466
0.04432642459869385
0.044463519006967545
0.04249422624707222
0.044408757239580154
0.042528219521045685
0.04439503699541092
0.04244215786457062
0.043860290199518204
0.04391851648688316
0.044167060405015945
0.04287515580654144
0.04351600259542465
0.044704869389534
0.043952520936727524
0.043269917368888855
0.043563444167375565
0.04432087019085884
0.04264676943421364
0.04695253446698189
0.04351426288485527
0.044239360839128494
0.04403751716017723
0.04255841672420502
0.04401393607258797
0.04251343384385109
0.04364273324608803
0.04351954162120819
0.04242735728621483
0.04705522954463959
0.04296547546982765
0.045338671654462814
0.044254690408706665
0.041364528238773346
0.04212748259305954
0.04764175787568092
0.04229837283492088
0.047029368579387665
0.043790411204099655
0.04245292767882347
0.043568097054958344
0.043025288730859756
0.04191509261727333
0.0478895902633667
0.04377442225813866
0.04221593216061592
0.04361135885119438
0.04261301830410957
0.043900031596422195
0.0416572168469429
0.04342260956764221
0.04299837723374367
0.043243832886219025
0.04344777390360832
0.043332528322935104
0.04309595748782158
0.04368378221988678
0.04196145385503769
0.041644442826509476
0.04799625650048256
0.043750256299972534
0.0415956936776638
0.04403858631849289
0.04065072536468506
0.043103963136672974
0.043375350534915924
0.04168180748820305
0.047566864639520645
0.044003650546073914
0.04052915424108505
0.042454615235328674
0.045099060982465744
0.04375959560275078
0.041110266000032425
0.04267275705933571
0.044297751039266586
0.044001366943120956
0.040239639580249786
0.04139311984181404
0.0479961559176445
0.043282829225063324
0.04225774481892586
0.04263682663440704
0.044131889939308167
0.04384757578372955
0.04043407738208771
0.04256745055317879
0.044213276356458664
0.04262593016028404
0.04397686570882797
0.0436130128800869
0.040948618203401566
0.042435113340616226
0.04442021623253822
0.04146593436598778
0.047269754111766815
0.04390271008014679
0.039901237934827805
0.044152140617370605
0.03909481316804886
0.04329129680991173
0.04162291809916496
0.04209912568330765
0.04514065384864807
0.0431346520781517
0.041982464492321014
0.04332851245999336
0.04134901240468025
0.04360831156373024
0.04045870527625084
0.04106316342949867
0.04804212227463722
0.042033351957798004
0.045082975178956985
0.04281395673751831
0.042695917189121246
0.0430159792304039
0.04203852266073227
0.04269953817129135
0.04294251278042793
0.041247814893722534
0.047254953533411026
0.04410024732351303
0.038651444017887115
0.04304206743836403
0.04178275167942047
0.04391096904873848
0.039134714752435684
0.041630618274211884
0.0459320992231369
0.0431792251765728
0.04124568775296211
0.04232088103890419
0.0437803752720356
0.0429186187684536
0.04194773733615875
0.04322756826877594
0.040980465710163116
0.04407186433672905
0.03841155394911766
0.04281351715326309
0.04214952886104584
0.04144126549363136
0.04622933268547058
0.0419059693813324
0.04480227455496788
0.044132232666015625
0.0380876287817955
0.04296526312828064
0.04155527055263519
0.04333867132663727
0.04040347412228584
0.04320864751935005
0.040763143450021744
0.04286907985806465
0.041752889752388
0.04300890117883682
0.04130364954471588
0.0434652678668499
0.039904698729515076
0.04364297166466713
0.03934011235833168
0.04340400919318199
0.040026988834142685
0.041128724813461304
0.046826742589473724
0.04277535900473595
0.04185982793569565
0.04255465045571327
0.04249544069170952
0.0434679314494133
0.03972892090678215
0.0424116887152195
0.04287274554371834
0.04324368014931679
0.040354009717702866
0.04239782691001892
0.04286795109510422
0.041532304137945175
0.045442480593919754
0.04335889592766762
0.03993849456310272
0.04342110827565193
0.03972877189517021
0.041525762528181076
0.04539545252919197
0.042551036924123764
0.04229489713907242
0.04262697324156761
0.04204839468002319
0.043645936995744705
0.03897165134549141
0.04122273623943329
0.046219486743211746
0.04207698255777359
0.04363785684108734
0.04310387372970581
0.040541406720876694
0.041186049580574036
0.04627564921975136
0.044381484389305115
0.03667253628373146
0.042660173028707504
0.04181988909840584
0.042525261640548706
0.04220860078930855
0.041360415518283844
0.0456860288977623
0.042706895619630814
0.041629936546087265
0.04307760298252106
0.04050387069582939
0.04338293895125389
0.039571523666381836
0.04195968061685562
0.04382887855172157
0.04328594729304314
0.03983432799577713
0.041775938123464584
0.044349074363708496
0.04236764833331108
0.04256207123398781
0.041604530066251755
0.04483742266893387
0.04162025824189186
0.04478023201227188
0.04199884086847305
0.04362950474023819
0.04332304000854492
0.03964201360940933
0.043113090097904205
0.04026514291763306
0.04186340048909187
0.04399958625435829
0.04255499318242073
0.04191399738192558
0.04216005653142929
0.04308944568037987
0.042811691761016846
0.041124895215034485
0.04209764301776886
0.0432545468211174
0.043934814631938934
0.03773553669452667
0.04261467605829239
0.041686736047267914
0.04377913475036621
0.03818303719162941
0.04209868982434273
0.043216947466135025
0.0423581600189209
0.042429640889167786
0.042567916214466095
0.041795581579208374
0.04345657676458359
0.0391203872859478
0.04223920404911041
0.042761728167533875
0.04144224151968956
0.04514560475945473
0.04241955652832985
0.0422101654112339
0.04177336394786835
0.04413941875100136
0.042092449963092804
0.04317275807261467
0.04247192665934563
0.04203221946954727
0.043016184121370316
0.04039006680250168
0.0427626334130764
0.04114357382059097
0.04224514588713646
0.042689744383096695
0.04315142706036568
0.03996533155441284
0.04301362857222557
0.040370915085077286
0.043840326368808746
0.03788292407989502
0.040808722376823425
0.0469769686460495
0.04116479679942131
0.04590094834566116
0.04218728840351105
0.04282795637845993
0.04228325933218002
0.04253571853041649
0.04246518388390541
0.04198620840907097
0.04202144965529442
0.04331311583518982
0.04142329841852188
0.04510242119431496
0.04288676753640175
0.04070751741528511
0.041989706456661224
0.04339313879609108
0.042045675218105316
0.043222106993198395
0.04095631465315819
0.04648411646485329
0.04282795637845993
0.040866173803806305
0.04249075800180435
0.04187643527984619
0.04145354777574539
0.04498561471700668
0.04146852716803551
0.04493407532572746
0.04190206527709961
0.043632254004478455
0.04270749166607857
0.04120893403887749
0.04362320899963379
0.03845714405179024
0.04336419701576233
0.039232466369867325
0.04296907037496567
0.04041706770658493
0.04285087063908577
0.04076744616031647
0.04209163412451744
0.043044768273830414
0.04307872802019119
0.0400795117020607
0.042907796800136566
0.04058993235230446
0.04247777536511421
0.04187824949622154
0.041644781827926636
0.04437679424881935
0.04256591945886612
0.04161336272954941
0.043403152376413345
0.03909795731306076
0.04282562807202339
0.04082496836781502
0.04272303730249405
0.04113340750336647
0.042087726294994354
0.043036799877882004
0.041217025369405746
0.04564692825078964
0.04291341081261635
0.040552061051130295
0.04250052198767662
0.041793033480644226
0.04011920839548111
0.0489351861178875
0.04219745472073555
0.04269718378782272
0.044013962149620056
0.03724437579512596
0.04142794385552406
0.04500254616141319
0.043140958994627
0.03986518085002899
0.04234091937541962
0.04226260632276535
0.04186172038316727
0.04369363188743591
0.04135020822286606
0.04522833228111267
0.04385822266340256
0.03770504519343376
0.04272163286805153
0.041112951934337616
0.04332111030817032
0.03930899500846863
0.0430450439453125
0.0401381254196167
0.04247713088989258
0.041845157742500305
0.043270718306303024
0.03946247324347496
0.04203658178448677
0.04316391795873642
0.04318587854504585
0.039717141538858414
0.04185165837407112
0.04371660202741623
0.04302800074219704
0.0401870422065258
0.04082709550857544
0.046783823519945145
0.04292357712984085
0.040497783571481705
0.04262900352478027
0.041382383555173874
0.042656611651182175
0.041296184062957764
0.04225795716047287
0.042494796216487885
0.04284920170903206
0.04071611911058426
0.04297822341322899
0.04033592343330383
0.040715306997299194
0.04711534455418587
0.04263884946703911
0.04134802147746086
0.040557317435741425
0.047590699046850204
0.04258515313267708
0.04150685667991638
0.04125111177563667
0.0455038957297802
0.040525563061237335
0.04768738895654678
0.043027836829423904
0.040180280804634094
0.04217636585235596
0.042734406888484955
0.04400831460952759
0.03723740577697754
0.04355725646018982
0.038590870797634125
0.042780645191669464
0.04091516137123108
0.042288001626729965
0.04239633306860924
0.0429261289536953
0.040482524782419205
0.04120270535349846
0.04565778002142906
0.04429585486650467
0.036376792937517166
0.04299166053533554
0.04028579965233803
0.04124940186738968
0.04551590606570244
0.04319743439555168
0.03967084735631943
0.04227539896965027
0.04243619740009308
0.04276706278324127
0.040962450206279755
0.042978379875421524
0.04032684117555618
0.041217658668756485
0.0456102192401886
0.04202611371874809
0.04318314045667648
0.0413396880030632
0.045240432024002075
0.04189404845237732
0.0435759574174881
0.042797572910785675
0.04086814448237419
0.04374617710709572
0.0380217544734478
0.04312082380056381
0.03989459201693535
0.042570292949676514
0.04154470935463905
0.04098700359463692
0.04629693552851677
0.04164537414908409
0.04432210326194763
0.04207863286137581
0.04301947355270386
0.041868604719638824
0.043656229972839355
0.04219692200422287
0.042666275054216385
0.04315118119120598
0.03980259224772453
0.04136185720562935
0.0451720766723156
0.04098634049296379
0.046297017484903336
0.042935870587825775
0.04044777899980545
0.04087820649147034
0.04662375897169113
0.04262768104672432
0.041374485939741135
0.04216354340314865
0.04276632145047188
0.04303952306509018
0.04013960063457489
0.04191409796476364
0.04351980611681938
0.03992646560072899
0.04948035627603531
0.04095655679702759
0.04638783633708954
0.042995885014534
0.04027125984430313
0.04276976361870766
0.040946900844573975
0.04224323853850365
0.04252832382917404
0.043271105736494064
0.03944254666566849
0.043144259601831436
0.039822306483983994
0.04012911021709442
0.048871468752622604
0.04308022931218147
0.04001668840646744
0.04293025657534599
0.04046979174017906
0.041895534843206406
0.04357314482331276
0.04229938983917236
0.04235772788524628
0.04100216552615166
0.0462522991001606
0.04089370742440224
0.04657785966992378
0.04235316812992096
0.04220260679721832
0.04310046508908272
0.039956994354724884
0.043172288686037064
0.03973427787423134
0.04266825318336487
0.041252247989177704
