22.114174842834473
17.72300033569336
13.862877798080444
10.578990077972412
7.8727604150772095
5.740791654586792
4.182112288475037
3.1841994881629945
2.59517787694931
2.292313575744629
2.0882324397563936
1.9071333825588226
1.7377504706382751
1.5772412419319153
1.4252094566822051
1.2812580704689025
1.1455709755420684
1.0178083151578903
0.8982637017965317
0.7867789089679718
0.6834871798753739
0.5885959088802337
0.5017961606383323
0.423091396689415
0.3526378616690636
0.2901312470436096
0.23578788340091705
0.18954045698046684
0.15129411220550537
0.12129319496452809
0.09921313934028149
0.08522690646350384
0.07906153425574303
0.0779131032526493
0.07756825461983681
0.07754110693931579
0.07753821611404418
0.07747065089643002
0.07741516195237637
0.07744861394166946
0.07732935398817062
0.0773591309785843
0.07734718583524228
0.07729006782174111
0.07727663218975067
0.0772537026554346
0.07722841128706932
0.07725666053593158
0.07723660469055176
0.07716885805130005
0.07717248350381851
0.07716406658291816
0.07710177227854728
0.07709292210638523
0.0770829115062952
0.0770541239529848
0.07701723650097847
0.07710859216749669
0.07699560187757015
0.07700863666832447
0.07700653411448002
0.07695230692625046
0.0769746832549572
0.07700763083994389
0.07692130431532859
0.0769513763487339
0.07696156091988086
0.0768668320029974
0.07689873538911343
0.0768477439880371
0.07683687508106232
0.07685827761888504
0.07687095738947392
0.07681753337383271
0.07676826305687427
0.07680003270506859
0.07671559564769267
0.07671858258545398
0.07677159421145915
0.07673658020794391
0.07670938372611999
0.0767504632472992
0.07673129960894584
0.07666175849735737
0.0766651339828968
0.07665897831320763
0.0766736999154091
0.07665902301669121
0.07661267444491386
0.07662366926670075
0.0766487993299961
0.07664355859160424
0.07661853432655334
0.07667703814804554
0.07659845836460591
0.07664285190403461
0.07663573920726777
0.07655861601233482
0.07660180628299713
0.0766526535153389
0.07658634856343269
0.07656008787453175
0.07656083591282367
0.07655273377895355
0.07652644366025925
0.07654832862317562
0.07652268633246422
0.07652688883244992
0.07654372863471508
0.07649351470172405
0.07651710025966167
0.07661094330251217
0.07650009654462338
0.076555110886693
0.07654329650104046
0.07652537003159524
0.07646401636302472
0.07655403539538383
0.07647630274295807
0.07644760608673096
0.07657329589128495
0.07655209824442863
0.07647120654582977
0.07653364725410938
0.07646294012665748
0.07651386484503746
0.07657688409090042
0.07648545354604722
0.07650749310851097
0.07649185433983803
0.07644463442265988
0.07646801583468914
0.0765031348913908
0.07647953480482102
0.07643372379243374
0.07644015438854694
0.07645369879901409
0.07646158449351788
0.07652991376817227
0.07642370350658893
0.07647672593593598
0.0764819860458374
0.07646792382001877
0.07649386711418629
0.07646525725722313
0.07646061666309834
0.0765116848051548
0.07642527781426907
0.076377721875906
0.07648970931768417
0.07648232169449329
0.0764771956950426
0.07639215737581254
0.0765222143381834
0.07649222575128078
0.07641326189041138
0.07648406028747559
0.07644635774195194
0.07645950838923454
0.0764523059129715
0.07643713317811489
0.07648248076438904
0.07648111246526242
0.07648376561701298
0.07643633000552655
0.07650061994791031
0.07637250982224941
0.07646475583314896
0.07642038092017174
0.0765074647963047
0.07643920592963696
0.07651354297995568
0.07648536860942841
0.0763759471476078
0.07649918124079705
0.07637590318918228
0.07646390907466412
0.07648396790027619
0.07643642276525497
0.0764407016336918
0.0764666173607111
0.07644745819270611
0.07641933560371399
0.07652083672583103
0.07645422033965588
0.07648411281406879
0.07639686316251755
0.07639057002961636
0.07641485258936882
0.07644773162901401
0.07643484175205231
0.07647144161164761
0.07643409483134747
0.07640694826841354
0.0763995185494423
0.07641878239810466
0.07645420022308827
0.07644996270537377
0.07649222984910012
0.07643036842346192
0.07639813274145127
0.07644702270627021
0.07646462954580784
0.0764946337789297
0.0764827724546194
0.07649788446724415
0.07637870647013187
0.07641599476337432
0.07646625861525536
0.07641457915306091
0.07640001326799392
0.07637825533747673
0.07644272707402706
0.07645638547837734
0.07640843763947487
0.07639404460787773
0.07650138027966022
0.07637666389346123
0.07640060633420945
0.07644418925046921
0.07646690011024475
0.07640115171670914
0.07644262202084065
0.0764050804078579
0.07643553838133813
0.0764426827430725
0.07643711492419243
0.07648135013878346
0.07641573660075665
0.07644339986145496
0.07644487842917443
0.07640409246087074
0.07645487822592259
0.07645381838083268
0.07643656879663467
0.07650919631123543
0.07635309770703316
0.07647711560130119
0.07637352161109448
0.07645010314881802
0.07649889029562473
0.076378308609128
0.07645237073302269
0.07648109830915928
0.07643490135669709
0.07637431360781193
0.0764656901359558
0.07643776088953018
0.07647082954645157
0.07650231160223483
0.07651570104062558
0.07645451910793781
0.07636986896395684
0.07646318413317203
0.07636642232537269
0.07651098147034645
0.07643733136355876
0.07642291896045209
0.07643767409026622
0.07641050964593887
0.07640721090137959
0.07648851871490478
0.07644784860312939
0.07639324516057969
0.07647311203181743
0.07640347965061664
0.07644000239670276
0.07644980549812316
0.07645486369729042
0.07641428373754025
0.07639759704470635
0.07643872499465942
0.07640660479664803
0.07646783702075481
0.07641358375549316
0.07645768448710441
0.0764270719140768
0.07644080109894276
0.07641671746969222
0.07648475766181946
0.07643919512629509
0.07641493193805218
0.07644046321511269
0.07640675529837608
0.07647683657705784
0.07645689584314823
0.07643100395798683
0.07645807154476643
0.0764917243272066
0.07641408555209636
0.07644020542502403
0.07641965560615063
0.07641418091952801
0.07645560912787915
0.07641654908657074
0.07644591815769672
0.07644967399537564
0.0764160193502903
0.07651018276810646
0.07637916877865791
