0.047650691121816635
0.04473750665783882
0.04654286801815033
0.04731128364801407
0.046334024518728256
0.046990957111120224
0.04478456452488899
0.049642689526081085
0.04578930884599686
0.04231953248381615
0.04226575419306755
0.04541222006082535
0.040856726467609406
0.0394061803817749
0.037136510014534
0.041677456349134445
0.03679516538977623
0.03667045012116432
0.03499499708414078
0.03736181929707527
0.03451378643512726
0.03485816717147827
0.03214889392256737
0.03886011615395546
0.03322724625468254
0.03321758657693863
0.03356108441948891
0.030449019744992256
0.03329475224018097
0.029748763889074326
0.032520465552806854
0.030513031408190727
0.03014187701046467
0.036113232374191284
0.031151041388511658
0.031133679673075676
0.031550511717796326
0.028102030977606773
0.03085365518927574
0.027460888028144836
0.02820238657295704
0.03185136616230011
0.02844676747918129
0.0261855311691761
0.02710406668484211
0.024035049602389336
0.024808770045638084
0.023849187418818474
0.023638129234313965
0.020455677062273026
0.021906187757849693
0.02050439640879631
0.019770681858062744
0.02276996150612831
0.019928818568587303
0.0191982202231884
0.01925974152982235
0.01890747621655464
0.018764905631542206
0.01875285804271698
0.018494294956326485
0.01736641675233841
0.01773718185722828
0.018170494586229324
0.017310984432697296
0.01817435957491398
0.01724095270037651
0.017056001350283623
0.016824431717395782
0.017462236806750298
0.016542643308639526
0.017169388011097908
0.016373731195926666
0.016794992610812187
0.01625339314341545
0.01655641198158264
0.015757206827402115
0.017357870936393738
0.01644059643149376
0.014431561343371868
0.016054250299930573
0.015369143337011337
0.01582360453903675
0.015395362861454487
0.015504679642617702
0.016109663993120193
0.01596960425376892
0.0141567662358284
0.01480572484433651
0.01725822314620018
0.015604636631906033
0.0145139554515481
0.015829209238290787
0.013348869048058987
0.015358764678239822
0.014856293797492981
0.015894947573542595
0.012576556764543056
0.015549194067716599
0.01337618287652731
0.014670949429273605
0.015648968517780304
0.015075026080012321
0.014126601628959179
0.014652004465460777
0.015139684081077576
0.01457825768738985
0.01515661645680666
0.01474326103925705
0.0144504988566041
0.014435200951993465
0.015324276871979237
0.014368726871907711
0.01534359436482191
0.01423841156065464
0.015475377440452576
0.014044741168618202
0.015887705609202385
0.014688615687191486
0.014116263948380947
0.014120014384388924
0.015431856736540794
0.014780986122786999
0.013339444063603878
0.014932431280612946
0.012692896649241447
0.014089616946876049
0.015117962844669819
0.014087386429309845
0.015294875018298626
0.015217353589832783
0.011710396967828274
0.01413172297179699
0.01464935578405857
0.014609124511480331
0.013095567934215069
0.014105895534157753
0.014458117075264454
0.01458501722663641
0.013061248697340488
0.014214320108294487
0.014297997578978539
0.013906220905482769
0.014752957038581371
0.013162647373974323
0.017070118337869644
0.014172517694532871
0.01384358573704958
0.014207382686436176
0.013635869137942791
0.014008439145982265
0.01413451973348856
0.013975555077195168
0.014189076609909534
0.014738177880644798
0.011767568998038769
0.01385106798261404
0.014278579503297806
0.014116250909864902
0.013426358811557293
0.014848473481833935
0.01132606714963913
0.014491247944533825
0.012174383737146854
0.014387883245944977
0.012412105686962605
0.013958749361336231
0.013603657484054565
0.013426380231976509
0.015154877677559853
0.013724313117563725
0.014216812327504158
0.014086172915995121
0.01305057667195797
0.014166601002216339
0.012583949603140354
0.01384599320590496
0.013469014316797256
0.013900347985327244
0.01331600546836853
0.014166954904794693
0.012334046885371208
0.013428539037704468
0.014481582678854465
0.013526327908039093
0.014196285977959633
0.013932734727859497
0.01280186977237463
0.013995271176099777
0.012543199583888054
0.013478407636284828
0.014095527119934559
0.01351558230817318
0.013829441741108894
0.013654916547238827
0.013502107933163643
0.013488173484802246
0.013782184571027756
0.013856631703674793
0.012584568932652473
0.013482052832841873
0.013659922406077385
0.014112554490566254
0.011753197759389877
0.013675808906555176
0.012963984161615372
0.013896513730287552
0.01218344084918499
0.013331538997590542
0.013766853138804436
0.01364655327051878
0.012810202315449715
0.01306586991995573
0.014450759626924992
0.014102153480052948
0.011460411362349987
0.012602310627698898
0.015858210623264313
0.013646603561937809
0.012545234523713589
0.012931331992149353
0.01474977470934391
0.013660624623298645
0.012407094240188599
0.012992213480174541
0.01436331681907177
0.01374599989503622
0.011904330924153328
0.012889496982097626
0.01454207580536604
0.01242466364055872
0.015776431187987328
0.013622653670608997
0.012117824517190456
0.013101152144372463
0.013725156895816326
0.013640937395393848
0.01214553788304329
0.012491087429225445
0.015383819118142128
0.012950471602380276
0.01409535575658083
0.013203652575612068
0.013071658089756966
0.013008255511522293
0.013584702275693417
0.013851120136678219
0.010980997234582901
0.01303032785654068
0.013389023020863533
0.013791677542030811
0.011105189099907875
0.013853575102984905
0.010774689726531506
0.012400679290294647
0.015113540925085545
0.01396586000919342
0.010308162309229374
0.013347022235393524
0.012065693736076355
0.012336534447968006
0.015063878148794174
0.012594036757946014
0.014453060925006866
0.013248295523226261
0.012293947860598564
0.012691371142864227
0.013801737688481808
0.012616480700671673
0.013982248492538929
0.013521473854780197
0.011158650740981102
0.012962575070559978
0.012762593105435371
0.012770066037774086
0.01337383035570383
0.012529573403298855
0.014059467241168022
0.01301440317183733
0.012549223378300667
0.013501900248229504
0.011063620448112488
0.012838558293879032
0.012863959185779095
0.012469806708395481
0.013950142078101635
0.013248476199805737
0.011550878174602985
0.013075590133666992
0.01194718573242426
0.01362853217869997
0.010232999920845032
0.012506751343607903
0.013502569869160652
0.01189208310097456
0.015286369249224663
0.012776248157024384
0.012602628208696842
0.012639040127396584
0.012903466820716858
0.012510458007454872
0.013240615837275982
0.012874030508100986
0.01208056602627039
0.013191713020205498
0.011057290248572826
0.012549069710075855
0.012940981425344944
0.012346464209258556
0.013451051898300648
0.012728842906653881
0.012612071819603443
0.0125252865254879
0.012792945839464664
0.013243031688034534
0.010573205538094044
0.012515170499682426
0.012748672626912594
0.012621126137673855
0.012324823997914791
0.01309264823794365
0.010985117405653
0.012450795620679855
0.012775247916579247
0.012461669743061066
0.0126264663413167
0.012397724203765392
0.012788772583007812
0.012391098774969578
0.012728197500109673
0.012692722491919994
0.011735585518181324
0.013238945975899696
0.010074797086417675
0.013126992620527744
0.010320878587663174
0.012380814179778099
0.01262193825095892
0.011912654154002666
0.01387090515345335
0.012513957917690277
0.01221001148223877
0.01289421133697033
0.011017887853085995
0.011894711293280125
0.013697784394025803
0.011979050002992153
0.013520436361432076
0.012233845889568329
0.012574983760714531
0.012618553824722767
0.011342811398208141
0.012596466578543186
0.011372319422662258
0.012404238805174828
0.011871696449816227
0.011488659307360649
0.014540527015924454
0.012724404223263264
0.010884949937462807
0.012307116761803627
0.011980397626757622
0.012765306048095226
0.01059761457145214
0.011789658106863499
0.013487289659678936
0.012532326392829418
0.011180626228451729
0.01132738497108221
0.014750462956726551
0.01230663526803255
0.011691677384078503
0.012846129946410656
0.010007006116211414
0.01136147789657116
0.014433708973228931
0.01172518078237772
0.013286379165947437
0.012775002978742123
0.010054508224129677
0.012129978276789188
0.011964510194957256
0.012069093063473701
0.01214049756526947
0.01240205205976963
0.011011824011802673
0.012833332642912865
0.009722613729536533
0.01188496220856905
0.01245071366429329
0.012604731135070324
0.010249897837638855
0.011893556453287601
0.012398277409374714
0.011356925591826439
0.014075592160224915
0.011868256144225597
0.01227621454745531
0.011763298884034157
0.01258547231554985
0.01218686904758215
0.011206776835024357
0.012294568121433258
0.010940460488200188
0.011937555857002735
0.011818750761449337
0.012289528734982014
0.010794063098728657
0.01247133407741785
0.010154357179999352
0.01220807433128357
0.011006617918610573
0.01188607420772314
0.011821203865110874
0.012019788846373558
0.011294550262391567
0.011117903515696526
0.014064502902328968
0.01087107788771391
0.014713350683450699
0.012568865902721882
0.009594563394784927
0.011805777437984943
0.011939777061343193
0.011084329336881638
0.013904822058975697
0.010849019512534142
0.014608367346227169
0.011170566082000732
0.013606430031359196
0.012150954455137253
0.010545342229306698
0.011804760433733463
0.0115203857421875
0.011648372747004032
0.012040765024721622
0.011420655995607376
0.01260400377213955
0.011628384701907635
0.012077951803803444
0.011754194274544716
0.011484041810035706
0.011637287214398384
0.01178914587944746
0.01184579636901617
0.011186884716153145
0.011604559607803822
0.01183521281927824
0.011995631270110607
0.010604818351566792
0.011001084931194782
0.013567899353802204
0.01214162539690733
0.010010468773543835
0.011526582762598991
0.011872360482811928
0.011845371685922146
0.010921387001872063
0.011573915369808674
0.01165560632944107
0.011052700690925121
0.013109639286994934
0.011804516427218914
0.010821832343935966
0.011975958943367004
0.010283947922289371
0.011848673224449158
0.010619612410664558
0.012009980157017708
0.010112965479493141
0.012078367173671722
0.009956954047083855
0.010903161019086838
0.013338002376258373
0.011714886873960495
0.010841264389455318
0.011625578626990318
0.011082489043474197
0.011128569953143597
0.012511171400547028
0.011668628081679344
0.01083794143050909
0.010753007605671883
0.013511044904589653
0.01105132419615984
0.012872954830527306
0.01108360942453146
0.012450790032744408
0.011266270652413368
0.011953839100897312
0.010931494645774364
0.012943076901137829
0.011521877720952034
0.011154375970363617
0.01178895216435194
0.010380711406469345
0.01172550953924656
0.010355785489082336
0.010927017778158188
0.012657594867050648
0.010511894710361958
0.013938958756625652
0.01200043223798275
0.009337995201349258
0.011378644034266472
0.011197459883987904
0.010964588262140751
0.012408795766532421
0.011471766047179699
0.010861225426197052
0.011394532397389412
0.011083808727562428
0.010555603541433811
0.013569912873208523
0.011741784401237965
0.009973810985684395
0.01031480636447668
0.014131995849311352
0.011236531659960747
0.011374919675290585
0.011459321714937687
0.010690968483686447
0.011556445620954037
0.010333831422030926
0.011347934603691101
0.01092762965708971
0.011078308336436749
0.011731451377272606
0.011127649806439877
0.011523790657520294
0.011462774127721786
0.010453644208610058
0.01183362491428852
0.009344291873276234
0.011755527928471565
0.009522556327283382
0.011510376818478107
0.01024068333208561
0.01154219452291727
0.010064532980322838
0.011297008953988552
0.01074027270078659
0.011566181667149067
0.01006608922034502
0.011603398248553276
0.00975672248750925
0.01105330977588892
0.011482450179755688
0.011304648593068123
0.01059651654213667
0.011815803125500679
0.009015710093080997
0.01104533951729536
0.011318507604300976
0.01140756718814373
0.010183049365878105
0.01103972364217043
0.011240196414291859
0.010950879193842411
0.011484104208648205
0.010686430148780346
0.012235014699399471
0.011237531900405884
0.010512235574424267
0.010096210986375809
0.013950195163488388
0.01173112541437149
0.00906200148165226
0.010905129835009575
0.01150096021592617
0.011777069419622421
0.008793528191745281
0.010754970833659172
0.011857304722070694
0.010988261550664902
0.011097758077085018
0.010927529074251652
0.01132718101143837
0.011557224206626415
0.009350188076496124
0.01086461916565895
0.011405808851122856
0.011643069796264172
0.008981737308204174
0.010320180095732212
0.013032551854848862
0.010788283310830593
0.011516123078763485
0.011131334118545055
0.010444159619510174
0.011289678514003754
0.009914357215166092
0.011124450713396072
0.010376032441854477
0.011199981905519962
0.010180478915572166
0.010708215646445751
0.011585635133087635
0.010778503492474556
0.011358337476849556
