668.5378479003906
633.3018371582032
623.1048126220703
619.1316116333007
617.1258041381836
615.8128936767578
614.8752990722656
614.2089660644531
613.7029205322266
613.293376159668
612.968229675293
612.7170257568359
612.5188705444336
612.3609146118164
612.2355224609375
612.1402877807617
612.0644515991211
611.999153137207
611.934797668457
611.8773086547851
611.8252593994141
611.7781768798828
611.7359756469726
611.699870300293
611.6680770874024
611.6387985229492
611.6089111328125
611.580776977539
611.5563262939453
611.5348846435547
611.5145629882812
611.4959106445312
611.4786819458008
611.4625366210937
611.4472915649415
611.4327407836914
611.4188705444336
611.4056747436523
611.3930068969727
611.3808868408203
611.3693557739258
611.3583953857421
611.3477447509765
611.3375930786133
611.3277954101562
611.3166488647461
611.3038650512696
611.2938125610351
611.2847274780273
611.2761535644531
611.2678924560547
611.2600677490234
611.2525939941406
611.245327758789
611.2383468627929
611.2315475463868
611.2250442504883
611.2186599731446
611.2124877929688
611.2064559936523
611.2005996704102
611.1949447631836
611.1893585205078
611.1839111328125
611.1786804199219
611.173452758789
611.1683853149414
611.1633941650391
611.1588577270508
611.1539184570313
611.1492401123047
611.1446914672852
611.1402740478516
611.1359359741211
611.131591796875
611.127392578125
611.123257446289
611.1192062377929
611.1151718139648
611.1113189697265
611.1074340820312
611.1036605834961
611.0999969482422
611.096240234375
611.0927017211914
611.0891326904297
611.0856842041015
611.0822830200195
611.079020690918
611.075634765625
611.0723724365234
611.0691970825195
611.0660797119141
611.0629348754883
611.0599487304687
611.0568878173829
611.0539627075195
611.0509704589844
611.0481353759766
611.0452926635742
611.0424758911133
611.0398559570312
611.0371505737305
611.0344497680665
611.0317901611328
611.0292068481446
611.0267211914063
611.0242355346679
611.021841430664
611.0193161010742
611.0170318603516
611.0145919799804
611.0122634887696
611.0100738525391
611.0077514648438
611.0055847167969
611.0035339355469
611.0013137817383
610.9991851806641
610.9971145629883
610.9950714111328
610.99306640625
610.9911682128907
610.9892105102539
610.9872573852539
610.9854232788086
610.9836135864258
610.9817184448242
610.9799240112304
610.978173828125
610.9765182495117
610.9748184204102
610.9731216430664
610.9715713500976
610.9699905395507
610.9683471679688
610.9668151855469
610.9653381347656
610.9638122558594
610.9624206542969
610.9610107421875
610.9596725463867
610.9582290649414
610.9568954467774
610.9555541992188
610.9542556762696
610.9530075073242
610.9517883300781
610.9505310058594
610.9493698120117
610.9481781005859
610.9470809936523
610.9459548950196
610.944856262207
610.9438323974609
610.942790222168
610.9418167114258
610.9408462524414
610.9399322509765
610.939665222168
610.9396575927734
610.9395858764649
610.9395278930664
610.9394927978516
610.9394241333008
610.9393859863281
610.9393585205078
610.9392913818359
610.9392684936523
610.9392654418946
610.939192199707
610.9391616821289
610.9391174316406
610.9390884399414
610.9391189575196
610.939045715332
610.9389846801757
610.9390075683593
610.9389572143555
610.9389602661133
610.9389038085938
610.9389068603516
610.9388259887695
610.9387908935547
610.9387741088867
610.9387466430665
610.9387222290039
610.9387023925781
610.9386825561523
610.9386550903321
610.9386474609375
610.9385848999024
610.9385864257813
610.9385955810546
610.9385345458984
610.938510131836
610.9384841918945
610.9384704589844
610.9384536743164
610.9384124755859
610.9384048461914
610.9384094238281
610.9383575439454
610.9383346557618
610.9383193969727
610.9383117675782
610.9382873535156
610.9382705688477
610.9382522583007
610.9382354736329
610.9382110595703
610.9381851196289
610.9381729125977
610.9381423950196
610.9381225585937
610.938117980957
610.9380676269532
610.9380889892578
610.9380966186524
610.9380737304688
610.9380889892578
610.9380264282227
610.9380065917969
610.9379791259765
610.9379699707031
610.9379196166992
610.9379333496094
610.9379043579102
610.9378829956055
610.9378616333008
610.9378845214844
610.9378234863282
610.9378265380859
610.9378036499023
610.9378021240234
610.937776184082
610.9377563476562
610.9377487182617
610.9377334594726
610.9377197265625
610.9377334594726
610.9377059936523
610.9377075195313
610.9376724243164
610.9377151489258
610.9376922607422
610.9376495361328
610.9376281738281
610.9376358032226
610.937580871582
610.9376052856445
610.9375564575196
610.9375503540039
610.9375152587891
610.9375198364257
610.9374801635743
610.9374877929688
610.937466430664
610.9374816894531
610.9374267578125
610.9374435424804
610.9374359130859
610.937387084961
610.9373809814454
610.9373947143555
610.937351989746
610.9373489379883
610.9373443603515
610.9373382568359
610.9373489379883
610.9372955322266
610.9373092651367
610.9372848510742
610.9372802734375
610.9372528076171
610.9372436523438
610.9372421264649
610.9372283935547
610.9372375488281
610.9372177124023
610.9371780395508
610.9371780395508
610.9371963500977
610.9371734619141
610.9371383666992
610.9371398925781
610.9371322631836
610.9371002197265
610.9371200561524
610.9371276855469
610.9370986938477
610.9370880126953
610.9371063232422
610.9370956420898
610.9370498657227
610.9370178222656
610.9370269775391
610.9370208740235
610.9370162963867
610.936979675293
