0.024841823941096665
0.010140385851264
0.009482006682083011
0.008839734713546932
0.008388524316251278
0.009161171899177135
0.008490421110764146
0.008250843407586217
0.007939016772434115
0.008064233255572617
0.0076258477289229635
0.0075135497143492104
0.0074192708358168605
0.007700397283770144
0.00802152652759105
0.007398407184518873
0.007281120587140322
0.007086519151926041
0.007302020001225174
0.007653180533088744
0.007189544336870313
0.007195908739231527
0.007774806721135974
0.0071200458100065585
0.007123730448074639
0.007102814596146345
0.007146058045327664
0.007717096875421703
0.007018742361105978
0.007160359062254429
0.006954194745048881
0.007093471637926996
0.006922244420275092
0.007078192429617047
0.006939692981541156
0.007003105501644314
0.006909408955834806
0.007177863852120936
0.007025589258410037
0.006974080763757229
0.007349692075513304
0.006881413049995899
0.006967677013017237
0.007038345769979059
0.006929026846773922
0.0070564863737672566
0.007002852926962078
0.00685611660592258
0.007083991402760148
0.00711314610671252
0.007095435122027993
0.007039387058466673
0.0073139062384143475
0.0070026439614593984
0.006852624518796801
0.007095414935611189
0.007028168998658657
0.007017389801330864
0.006891280692070722
0.006986656761728227
0.007251424947753549
0.0070536256767809394
0.006906520039774477
0.007002240652218461
0.006919528217986226
0.006897202110849321
0.0070354148978367444
0.007116619497537613
0.007053728378377855
0.006853625946678221
0.006859910814091564
0.006908485200256109
0.010117595992051065
0.007099487539380789
0.007271270314231515
0.0077663504285737876
0.007148707075975836
0.006868047872558236
0.006876199366524815
0.006868888228200376
0.0068623030092567205
0.007091323076747358
0.006907756580039859
0.00702648158185184
0.006849630759097636
0.006834834348410368
0.006974509451538324
0.006892657233402133
0.006813186197541654
0.006872347625903785
0.0069956497987732295
0.007255979254841805
0.007232190389186144
0.0077025467762723565
0.006899034045636654
0.0068502975162118675
0.006943264394067228
0.006849727872759104
0.006894551496952772
0.006832988490350545
0.006873714295215905
0.006861121533438564
0.006881954614073038
0.006816469132900238
0.006808588630519807
0.006889353902079165
0.006778137898072601
0.00698510070797056
0.006864198436960578
0.006781709962524474
0.006864394387230277
0.006864761561155319
0.0068641702178865675
0.00706620120909065
0.0068677309667691585
0.007472712290473282
0.006898516556248069
0.0068229925585910674
0.006789896544069052
0.006830026861280203
0.006934630498290062
0.006887382012791932
0.007020247704349458
0.008760640700347721
0.007322033680975437
0.006844639196060598
0.0070804912131279705
0.009520964254625142
0.00792811920400709
0.00945943254046142
0.007292861724272371
0.00703189147170633
0.01118863809388131
0.009642670769244433
0.00786261649336666
0.00729777729138732
0.0069956187391653655
0.006991038518026471
0.006963677913881838
0.0070986851118505
0.007657107338309288
0.007135745044797659
0.007080486579798162
0.007036061352118849
0.006936946860514581
0.006826838105916977
0.006859682803042233
0.006806936021894217
0.006936532584950328
0.006861977744847536
0.006850204244256019
0.006868119491264224
0.006896792841143906
0.006796040269546211
0.006813948275521398
0.007064145710319281
0.006816298607736826
0.006850499799475074
0.006881931237876416
0.006832192069850862
0.0068576593650504945
0.006818437343463301
0.006831177673302591
0.0067835769848898055
0.006984126381576061
0.006832927837967873
0.007194842281751335
0.006903480272740126
0.006891959207132458
0.006816642777994275
0.006931103277020156
0.006787220458500087
0.006874251924455166
0.006829570000991225
0.00691958221141249
0.007048615347594022
0.006806199252605438
0.006847590720281005
0.0069674942409619686
0.006819559796713293
0.006786989513784647
0.0069327133940532805
0.006874500680714846
0.00696979807689786
0.006783178891055286
0.006842896831221879
0.006950353272259235
0.0067966946400702
0.0067737077362835406
0.006865083309821785
0.006767264730297029
0.0067789527820423245
0.006887325830757618
0.00835191032383591
0.006888053100556135
0.006806456902995706
0.006776161934249103
0.00677717721555382
0.006784031772986055
0.006810108758509159
0.006764180562458933
0.0068340814672410485
0.006729789567179978
0.0068361817859113215
0.006852330663241446
0.006909114588052034
0.006822086148895323
0.006884312676265836
0.006746082263998687
0.006714053452014923
0.006735012284480035
0.006808477081358432
0.006777269951999188
0.006735411030240357
0.006906164088286459
0.006716514122672379
0.006779034831561148
0.0068063920363783835
0.006806072825565934
0.006762555171735585
0.0068713546264916655
0.006844453467056155
0.007037155679427087
0.0067938595777377484
0.006746207224205136
0.006856396654620766
0.006901699583977461
0.006738681951537729
0.006785762030631304
0.0068878888385370375
0.006857358920387924
0.006714552035555243
0.006715411599725485
0.0067773696035146715
0.006776309106498957
0.006815079832449555
0.006740311975590885
0.006788514833897352
0.006749263149686158
0.006860910984687507
0.006725196586921811
0.006704737525433302
0.006773741124197841
0.006803081487305462
0.006730783474631607
0.006793107115663588
0.006770547362975776
0.006688821199350059
0.006908263661898673
0.0068537255749106405
0.00693104004021734
0.006772131565958262
0.0067608022363856435
0.006770613160915673
0.0069379894062876705
0.0067514403257519
0.00678883062209934
0.0067039588931947945
0.0067866334924474355
0.006730973906815052
0.006730482005514205
0.006722193583846093
0.006763700093142688
0.006739027146250009
0.006683178641833365
0.006983420834876597
0.006741526885889471
0.006721933698281645
0.006834234832786024
0.006741468980908394
0.0067603986244648695
0.006948720198124647
0.0067540342453867195
0.007088813721202314
0.006818113778717816
0.006842189375311137
0.006741731846705079
0.006791616720147431
0.006692823371849954
0.0068062296835705634
0.006694522593170405
0.006745488941669464
0.006752919312566519
0.006710929842665791
0.0067445749649778005
0.006753802811726928
0.006721062725409866
0.006712339771911502
0.006763121392577886
0.006731220404617488
0.0066749718971550465
0.006851751822978258
0.006742751877754927
0.006735845399089157
0.006744325393810868
0.006746129575185477
0.006696163746528328
0.006784843909554183
0.006778065930120647
0.0068284411448985335
