0.010235955938696861
0.010059033520519733
0.009729137644171715
0.009124013595283031
0.013317224569618702
0.01261512003839016
0.00855416152626276
0.008935592137277126
0.009546059183776379
0.008944233879446983
0.012006287463009357
0.011058381758630276
0.007979008369147778
0.008084556087851524
0.009447366930544376
0.009202544577419758
0.006992690730839968
0.007187638897448778
0.007986711338162422
0.008336922153830528
0.008231357671320438
0.008094608783721924
0.007995267398655415
0.00893238466233015
0.01077955774962902
0.0090358667075634
0.007449776865541935
0.008137191645801067
0.008694055490195751
0.007792307995259762
0.006554516032338142
0.006224661599844694
0.007584676146507263
0.008540253154933453
0.0069885230623185635
0.006847594399005175
0.009490401484072208
0.008399903774261475
0.006685248576104641
0.00634101452305913
0.006344805471599102
0.006689175497740507
0.009244096465408802
0.009202726185321808
0.007784902583807707
0.007777770981192589
0.006823201198130846
0.007032468449324369
0.0078014107421040535
0.007554501295089722
0.006937215570360422
0.0072297933511435986
0.005814643576741219
0.005750271957367659
0.006412017159163952
0.006621201056987047
0.007626427803188562
0.007026620674878359
0.007058797404170036
0.007097738794982433
0.007858560420572758
0.008550642989575863
0.007542713545262814
0.007566735148429871
0.0063938722014427185
0.00648103654384613
0.0064027030020952225
0.006426298059523106
0.005669244099408388
0.005512151401489973
0.008251700550317764
0.008069323375821114
0.006715771276503801
0.007061502896249294
0.007104840595275164
0.00692369882017374
0.00730446632951498
0.007544368971139193
0.005889949854463339
0.005419488996267319
0.00705566955730319
0.007266235537827015
0.005991642829030752
0.006424386985599995
0.006144038867205381
0.0067137908190488815
0.007719866000115871
0.007735336199402809
0.006483815144747496
0.006766162347048521
0.006519536953419447
0.006645957939326763
0.007488386705517769
0.008063433691859245
0.006559031084179878
0.006935779005289078
0.0058358209207654
0.005834687035530806
0.006233546417206526
0.006852888502180576
0.007869976572692394
0.008548547513782978
0.010614631697535515
0.009915030561387539
0.007787645794451237
0.008685224689543247
0.006900506094098091
0.007451658137142658
0.006855525076389313
0.007008588872849941
0.008316108956933022
0.008168734610080719
0.007627598941326141
0.008394617587327957
0.006789681036025286
0.007299439050257206
0.007138972170650959
0.007229207083582878
0.006925426889210939
0.007723851129412651
0.007564416620880365
0.00804777629673481
0.006780573632568121
0.0061432067304849625
0.006674898322671652
0.006448587402701378
0.006429883651435375
0.006724304519593716
0.0073145125061273575
0.007893572561442852
0.006941243540495634
0.006709718611091375
0.007210367824882269
0.0073972437530756
0.008942559361457825
0.007778688333928585
0.008907162584364414
0.008534161373972893
0.006794902496039867
0.006757041439414024
0.007017881143838167
0.00738509651273489
0.0065796212293207645
0.006707098335027695
0.006223673932254314
0.005840184632688761
0.006822806317359209
0.0072585646994411945
0.006431221030652523
0.0068985880352556705
0.006033125799149275
0.006601201370358467
0.008123459294438362
0.007429424673318863
0.00699502881616354
0.0066735101863741875
0.008521835319697857
0.008272546343505383
0.006482824683189392
0.0069669936783611774
0.006024722941219807
0.005830814130604267
0.007765498943626881
0.008417668752372265
0.007721751928329468
0.007377900183200836
0.006210411433130503
0.005527097266167402
0.007503239903599024
0.007075126748532057
0.006664053071290255
0.006510333623737097
0.008146079257130623
0.007088534068316221
0.007252579554915428
0.007101903203874826
0.0075902435928583145
0.007178898435086012
0.00617105420678854
0.006313318852335215
0.0061269234865903854
0.0058397226966917515
0.006462411489337683
0.007345735095441341
0.0072115277871489525
0.006672420538961887
0.005797547288239002
0.005715919192880392
0.007320642936974764
0.007597533520311117
0.006908243987709284
0.007586588151752949
0.0061982604674994946
0.006148264277726412
0.006881277076900005
0.006906717550009489
0.007061896380037069
0.006448440719395876
0.006840731482952833
0.007057438604533672
0.007780778221786022
0.008271955884993076
0.007003416307270527
0.007066794671118259
0.007375754415988922
0.007364129181951284
0.0068664043210446835
0.007055710069835186
0.0069049326702952385
0.006696523167192936
0.00694305170327425
0.007076824549585581
0.007508016191422939
0.007259653881192207
0.00682874396443367
0.007422798778861761
0.00728128757327795
0.007499438710510731
0.006103509571403265
0.006046127062290907
0.006219111382961273
0.0068201301619410515
0.006318043917417526
0.0063792504370212555
0.008050561882555485
0.007493095006793737
0.006418085191398859
0.0065092770382761955
0.009252956137061119
0.01084919273853302
0.007817490957677364
0.00778964115306735
0.005994947161525488
0.006119505036622286
0.006105821579694748
0.006314456928521395
0.005696242209523916
0.006069181952625513
0.006957870442420244
0.006765614729374647
0.006535741500556469
0.0070924051105976105
0.0070551312528550625
0.007634325884282589
0.00574899697676301
0.0057267677038908005
0.012149321846663952
0.011892112903296947
0.007566873449832201
0.007173342164605856
0.0069764889776706696
0.007557465694844723
0.00618023844435811
0.0062865749932825565
0.006106897257268429
0.006215303670614958
0.01506609097123146
0.015085093677043915
0.008590467274188995
0.008760662749409676
0.007451104465872049
0.007764979265630245
0.007119128480553627
0.006453170441091061
0.012174260802567005
0.012828467413783073
0.00741597032174468
0.007371925748884678
0.0068677691742777824
0.0067888470366597176
0.007854219526052475
0.00805649720132351
0.006840612273663282
0.006808599457144737
0.007150535937398672
0.006839359179139137
0.008319991640746593
0.007329669781029224
0.007048893719911575
0.00722369784489274
0.00657536368817091
0.006712961010634899
0.006422074045985937
0.005947621539235115
0.008541480638086796
0.007731115445494652
0.007359142880886793
0.007445183582603931
0.007009547203779221
0.006467677187174559
0.006171314511448145
0.00580911198630929
0.007143168710172176
0.006194532383233309
0.0067091770470142365
0.006341318134218454
0.007517311722040176
0.0076201376505196095
0.006670643575489521
0.006874432321637869
0.007230757735669613
0.007140438538044691
0.009210063144564629
0.008284717798233032
0.006345265079289675
0.006020992994308472
0.00622642133384943
0.006028070114552975
0.006510904058814049
0.006571227218955755
0.007844657637178898
0.007949666120111942
0.006976640317589045
0.006987147498875856
0.006673954892903566
0.0068820868618786335
0.006943443324416876
0.006902426015585661
0.006894436199218035
0.006362358573824167
0.007839606143534184
0.008995388634502888
0.007081331219524145
0.007004976738244295
0.0069878180511295795
0.006298532243818045
0.006845300551503897
0.007074238266795874
0.008494475856423378
0.007270541042089462
0.006841928232461214
0.007130974438041449
0.00600859010592103
0.00616085808724165
0.00759044149890542
0.00761753274127841
0.00711839459836483
0.006778786424547434
0.006470486056059599
0.006454021669924259
0.007167075760662556
0.007347163278609514
0.006790956482291222
0.006239187903702259
0.006605818867683411
0.0071454523131251335
0.006775347050279379
0.006506102625280619
0.007273100316524506
0.007706722244620323
0.00791256781667471
0.008350946009159088
0.006916985847055912
0.007037317380309105
0.006258370820432901
0.006570054683834314
0.007904338650405407
0.007386881858110428
0.006705061532557011
0.007131843827664852
0.007484620437026024
0.00738303130492568
0.007282738108187914
0.007279250770807266
0.009262788109481335
0.008791216649115086
0.006926364731043577
0.007667890749871731
0.007636682130396366
0.007874207571148872
0.007991835474967957
0.0075258295983076096
0.006560118403285742
0.00607796898111701
0.006948733236640692
0.0074272979982197285
0.006595192477107048
0.006867476273328066
0.006485585123300552
0.00654036458581686
0.0067012072540819645
0.006647772621363401
0.009007081389427185
0.008418937213718891
0.006981703918427229
0.008065173402428627
0.006952958181500435
0.007281649857759476
0.006877047475427389
0.007077244576066732
0.00761646032333374
0.0065751331858336926
0.007022404111921787
0.006200828123837709
0.0066996109671890736
0.006621527019888163
0.007392111700028181
0.008094485849142075
0.006954452954232693
0.006683392450213432
0.007056729402393103
0.006560813635587692
0.007110652048140764
0.007009037770330906
0.007429078686982393
0.0075050052255392075
0.006364510394632816
0.00634886184707284
0.008991322480142117
0.007889524102210999
0.00654910271987319
0.00649411091580987
0.006747088860720396
0.006024707108736038
0.006632453296333551
0.007017585914582014
0.006449640262871981
0.006325002294033766
0.007313596550375223
0.006831615697592497
0.006083719432353973
0.006268167868256569
0.0063425577245652676
0.006458407733589411
0.006864029914140701
0.006587005220353603
0.00679354602470994
0.006370565388351679
0.007457359693944454
0.007405649870634079
0.006251392420381308
0.006335700862109661
0.00732413912191987
0.007257319986820221
0.006622768938541412
0.006397301331162453
0.00684726657345891
0.007294252514839172
0.006946800742298365
0.006662439554929733
0.006419965531677008
0.006615045014768839
0.009845465421676636
0.01044399943202734
0.006623117718845606
0.0068686590529978275
0.007211251650005579
0.0071961949579417706
0.007031428162008524
0.006657670717686415
0.009060902521014214
0.00847919937223196
0.007196026388555765
0.007524907123297453
0.0087022315710783
0.00791151076555252
0.005776731297373772
0.006048279348760843
0.007942529395222664
0.008863926865160465
0.00661239679902792
0.006561800837516785
0.00656595965847373
0.006298914551734924
0.006545445416122675
0.006792637053877115
0.007897259667515755
0.007646545302122831
0.006691078655421734
0.0074956887401640415
0.0070584616623818874
0.008305559866130352
0.007312015164643526
0.007272403687238693
0.006862085312604904
0.007629598956555128
0.007431614212691784
0.006608839612454176
0.006738714873790741
0.0064665814861655235
0.0067037190310657024
0.00743046123534441
0.00625385157763958
0.007296067196875811
0.00802414957433939
0.007551263552159071
0.006657449062913656
0.006565125193446875
0.007300205994397402
0.007733572274446487
0.007643501274287701
0.007175499573349953
0.00679740309715271
0.0069493986666202545
0.005756516009569168
0.005862364545464516
0.006868857890367508
0.0072798230685293674
0.005930039566010237
0.005818038713186979
0.007782584521919489
0.008048497140407562
0.006513097323477268
0.0057390485890209675
0.0069726696237921715
0.006590823642909527
0.006155571900308132
0.006181227043271065
0.007426902651786804
0.007716143969446421
0.006880159489810467
0.007270121015608311
0.006886734161525965
0.006412841379642487
0.006427869666367769
0.006429955828934908
0.006064218934625387
0.006665285676717758
0.006898114457726479
0.0067474315874278545
0.007351796142756939
0.007009429857134819
0.006792291067540646
0.007314234972000122
0.0062860157340765
0.006621076725423336
0.005987600889056921
0.006283181253820658
0.008031117729842663
0.008504064753651619
0.00578692089766264
0.0060416623018682
0.0069392165169119835
0.0067624254152178764
0.00641637621447444
0.0059872777201235294
0.006685576401650906
0.006452891509979963
0.0067680878564715385
0.006882073357701302
0.008074989542365074
0.008826867677271366
0.00610380107536912
0.005897920578718185
0.006375490687787533
0.006197636015713215
0.008049608208239079
0.007407412864267826
0.00605322839692235
0.006029631942510605
0.0071008228696882725
0.006653264630585909
0.006565764080733061
0.0067171985283494
0.006860967259854078
0.006948825437575579
0.006850351579487324
0.005991799756884575
0.00791089702397585
0.0073468792252242565
0.006686078850179911
0.006895469035953283
0.006654492113739252
0.006529773119837046
0.0074886754155159
0.00745896901935339
0.007350089494138956
0.006703054998070002
0.006967167370021343
0.007575503550469875
0.006967378780245781
0.00672485027462244
0.007463518530130386
0.00714976666495204
0.0063648284412920475
0.006378678139299154
0.006414988078176975
0.006282841321080923
0.006551454309374094
0.006431541871279478
0.00621787691488862
0.006226950790733099
0.007698592264205217
0.0071001132018864155
0.006392918061465025
0.0065458351746201515
0.00752134108915925
0.006674153730273247
0.007692278362810612
0.008784236386418343
0.007373597007244825
0.007407636381685734
0.0061528864316642284
0.006299447268247604
0.00725512346252799
0.006721391808241606
0.006818362511694431
0.00753859942778945
0.007355432957410812
0.00682481937110424
