0.24214260280132294
0.0934513583779335
0.026240572333335876
0.019026964902877808
0.01628972962498665
0.01475771889090538
0.013745739124715328
0.013016280718147755
0.012429598718881607
0.011933328583836555
0.011524667032063007
0.011187485419213772
0.010901147499680519
0.010658424347639084
0.01043181587010622
0.010224671103060246
0.01004118099808693
0.009906389750540257
0.009698507376015186
0.009467913769185543
0.00925251841545105
0.009135806933045387
0.008875892497599125
0.008536482229828835
0.008423862047493458
0.00832211971282959
0.008491219021379948
0.008702692575752735
0.008371463976800442
0.007970930077135563
0.007874784991145134
0.007664618082344532
0.00766718527302146
0.007448943331837654
0.007254338823258877
0.007239282596856356
0.007181132212281227
0.007146677002310753
0.007169569376856089
0.007039958145469427
0.0069319442845880985
0.0069964369758963585
0.007030193693935871
0.007107995916157961
0.007110645063221455
0.007208871189504862
0.007355143781751394
0.006940449122339487
0.006665409076958895
0.006657281890511513
0.006572728976607323
0.006639578379690647
0.006691891234368086
0.006717592012137175
0.0065261805430054665
0.00652360450476408
0.006596282124519348
0.006558042019605637
0.006550307385623455
0.006569350138306618
0.006791900377720594
0.006549632176756859
0.006566290743649006
0.006598388776183128
0.006574247032403946
0.007327002007514238
0.006638623774051666
0.006493085995316505
0.006683866959065199
0.006591121666133404
0.006383001338690519
0.006507719401270151
0.006457226350903511
0.006422808393836021
0.006748368497937918
0.00665520504117012
0.006595227401703596
0.007269632071256638
0.0068916636519134045
0.007424025796353817
0.006777666974812746
0.0067605855874717236
0.0069550336338579655
0.0069937026128172874
0.006700229365378618
0.00661419378593564
0.006406412459909916
0.006280033383518457
0.006266615819185972
0.006357988342642784
0.00634289113804698
0.006337940692901611
0.006553453393280506
0.006568103563040495
0.00671527162194252
0.006257252302020788
0.006009630858898163
0.005916682071983814
0.005760985892266035
0.005733303260058165
0.005728248972445726
0.005743902642279863
0.00582848908379674
0.005785534158349037
0.005800561048090458
0.0057146004401147366
0.005711149424314499
0.005655837245285511
0.005644797347486019
0.0056390101090073586
0.005621659569442272
0.005637589376419783
0.005684854928404093
0.005705900490283966
0.005770962219685316
0.005749370902776718
0.005748488940298557
0.005797766614705324
0.0058481115847826
0.005994634237140417
0.005768961738795042
0.006045225076377392
0.005704754032194614
0.006121554411947727
0.005537716206163168
0.005644339602440596
0.0055063930340111256
0.005497645121067762
0.00545787438750267
0.005574432201683521
0.005526586901396513
0.005523940082639456
0.005730499979108572
0.0055679138749837875
0.005699662957340479
0.005982812028378248
0.00577820697799325
0.006057201884686947
0.006025439593940973
0.006077806930989027
0.005870715249329805
0.005888744723051786
0.005601228214800358
0.005574249196797609
0.005481702275574207
0.005439856089651585
0.00547425402328372
0.005562282633036375
0.005508129950612783
0.005605227313935757
0.0053834328427910805
0.005486626178026199
0.005335842724889517
0.00532775791361928
0.005403320305049419
0.0054465169087052345
0.005660921800881624
0.005720037035644054
0.005612466484308243
0.005554730072617531
0.005384717136621475
0.005412945058196783
0.005323341116309166
0.005306815262883902
0.005289417691528797
0.005400469992309809
0.005280367098748684
0.005448414012789726
0.005248328670859337
0.0052964151836931705
0.005278661381453276
0.005261883605271578
0.005489100702106953
0.005457506515085697
0.005434306804090738
0.005351468455046415
0.005277072545140982
0.0052401162683963776
0.005218672100454569
0.005232759285718203
0.005376320332288742
0.005290411878377199
0.005313800182193518
0.00527757965028286
0.005326815880835056
0.005229178816080093
0.005255425814539194
0.005456407554447651
0.0052195661701262
0.005618543364107609
0.005359993781894445
0.0053634727373719215
0.005213067401200533
0.005235196556895971
0.005173486191779375
0.005202076397836208
0.005288421642035246
0.005185976624488831
0.005211005453020334
0.005113108083605766
0.005120385903865099
0.0051961070857942104
0.0054412423633039
0.005367853678762913
0.0053769489750266075
0.005174923688173294
0.005146042909473181
0.005121094174683094
0.005230820272117853
0.005167525727301836
0.005278533790260553
0.005247446708381176
0.005051140673458576
0.005094323772937059
0.005092850420624018
0.005103435833007097
0.005385861732065678
0.005183206871151924
0.0053260610438883305
0.005178873892873526
0.005080251954495907
0.005042567383497953
0.005027684848755598
0.005057317670434713
0.005093488842248917
0.005149493459612131
0.005214180797338486
0.005110898055136204
0.005149457603693008
0.005144153721630573
0.0051932246424257755
0.005658754147589207
0.005388504825532436
0.0055023361928761005
0.0052337488159537315
0.005089204292744398
0.005129969213157892
0.005095665343105793
0.005126453470438719
0.005171970464289188
0.005092123989015818
0.005196324083954096
0.0052606756798923016
0.005639084614813328
0.005372083745896816
0.005148432683199644
0.00512302853167057
0.005101694725453854
0.005336718168109655
0.0051300181075930595
0.005139680579304695
0.005315159913152456
0.005487020127475262
0.005716686602681875
0.0052468194626271725
0.005137081723660231
0.005214453674852848
0.00508454954251647
0.005217900965362787
0.005397843662649393
0.005662540439516306
0.005485283210873604
0.005321811884641647
0.005246119108051062
0.005282038357108831
0.005018934607505798
0.005141957197338343
0.00533909210935235
0.005561957601457834
0.005234177689999342
0.005257580429315567
0.005292744375765324
0.005190087947994471
0.005185774993151426
0.005526040215045214
0.005524181295186281
0.005241468548774719
0.005231480114161968
0.00529473228380084
0.005139239132404327
0.005161720793694258
0.005013537593185902
0.005141791421920061
0.005002299323678017
0.004965593572705984
0.00502196466550231
0.004943870007991791
0.004987693391740322
0.005110467318445444
0.005045461934059858
0.005090110003948212
0.0050646415911614895
0.0049729421734809875
0.005029451567679644
0.004920627921819687
0.0049622259102761745
0.005017675459384918
0.004913753364235163
0.004936098121106625
0.005037742666900158
0.0049432716332376
0.005036303773522377
0.004984304308891296
0.004936424549669027
0.004968693014234304
0.00493569066748023
0.004929644055664539
0.004960041493177414
0.004917054437100887
0.00493964646011591
0.004862839821726084
0.004877085797488689
0.0048821112141013145
0.004814215935766697
0.004813250154256821
0.004830676130950451
0.004879476968199015
0.004855826031416655
0.004762584809213877
0.004778554197400808
0.004788459278643131
0.004810558166354895
0.00474794814363122
0.004713833332061768
0.004710657522082329
0.004706777632236481
0.004709785338491201
0.0047187418676912785
0.004722581245005131
0.004704451188445091
0.004708343651145697
0.0047248187474906445
0.004716896452009678
0.004736456088721752
0.004750428721308708
0.004778630565851927
0.004771158564835787
0.004898116458207369
0.004937688820064068
0.005250629503279924
0.004921768791973591
0.004849486984312534
0.004951190669089556
0.004879065789282322
0.004952754359692335
0.004873861558735371
0.004909811541438103
0.004956241697072983
0.004922525957226753
0.005074240732938051
0.0053995647467672825
0.0051749469712376595
0.005297278054058552
0.005280329845845699
0.005513583775609732
0.005863136146217585
0.005266251973807812
0.005299021955579519
0.005844709929078817
0.005225644912570715
0.005121543072164059
0.005028132349252701
0.005235662218183279
0.00518809724599123
0.005505827721208334
0.005200539715588093
0.005160084459930658
0.005124405492097139
0.005303299054503441
0.005511260591447353
0.00557294674217701
0.005096180364489555
0.005138065665960312
0.0049247522838413715
0.005050179548561573
0.0048993597738444805
0.004927429836243391
0.004921514540910721
0.005043244455009699
0.0049386098980903625
0.004894564393907785
0.004747853148728609
0.004782690666615963
0.004774394910782576
0.004792728461325169
0.0047857449389994144
0.004833217244595289
0.004802837036550045
0.004855993203818798
0.004933524876832962
0.00488903746008873
0.0049239168874919415
0.004951111972332001
0.00487285852432251
0.004960040561854839
0.004995518829673529
0.004882001783698797
0.004868419840931892
0.004881538916379213
0.004929347895085812
