0.04830541014671326
0.0482263820245862
0.04819127842783928
0.04811203461140394
0.04804985448718071
0.047971411235630514
0.04791722223162651
0.047844558395445345
0.04781146738678217
0.047741116397082804
0.0476796755567193
0.047674845159053805
0.04756928402930498
0.0475612698122859
0.047472319565713406
0.04740337058901787
0.04737343098968268
0.04733886756002903
0.04725048020482063
0.04724917933344841
0.047139720804989335
0.0471370056271553
0.04709188360720873
0.04703806918114424
0.046949698589742184
0.046950467862188816
0.046903947554528716
0.04684501551091671
0.04683037754148245
0.0467195613309741
0.04672635570168495
0.04667070675641298
0.046614911407232285
0.0466326741501689
0.04650940634310245
0.04650637246668339
0.04642746858298778
0.046429671347141266
0.046369601599872114
0.04632412847131491
0.04630522690713405
0.04632388819009066
0.04623777698725462
0.04621730837970972
0.046187874674797055
0.0461345300078392
0.04610121604055166
0.04604247994720936
0.04601828325539827
0.0460020937025547
0.045951496437191965
0.04593689031898975
0.045901695266366005
0.04586688671261072
0.04584262259304524
0.045806838758289815
0.04581143967807293
0.04573406204581261
0.04569051880389452
0.04569674078375101
0.04561457615345717
0.04558772519230843
0.045598925836384294
0.045587148144841196
0.045531397312879564
0.04553139805793762
0.04552183989435434
0.04545112419873476
0.045410810969769955
0.04543537031859159
0.045354021899402144
0.04539117254316807
0.04532495941966772
0.04535609316080809
0.045287651009857655
0.04525832068175077
0.045249390229582784
0.04522848017513752
0.04523905925452709
0.045210242830216886
0.045139591209590435
0.04518013074994087
0.0451498644426465
0.04507885165512562
0.0450994860380888
0.04507555477321148
0.04506045095622539
0.04511751625686884
0.0450510386377573
0.044980601966381074
0.04497653655707836
0.04496877919882536
0.04497710224241018
0.04496146198362112
0.044974545016884804
0.04488445091992617
0.04486653283238411
0.044919082708656785
0.04492572993040085
0.04486884586513042
0.04486047141253948
0.044822099059820174
0.04486136417835951
0.04483435600996018
0.044795924611389634
0.044730092957615854
0.04471810776740313
0.04476854745298624
0.044795332476496696
0.04471688307821751
0.04470835756510496
0.04470735266804695
0.04468581657856703
0.04469475354999304
0.04466993566602469
0.0446338502690196
0.044652868434786795
0.04465830717235804
0.04461976047605276
0.04464455116540193
0.044616883434355256
0.044582711346447465
0.04456217736005783
0.04453231450170279
0.04457605015486479
0.04456528089940548
0.04453677013516426
0.04451823700219393
0.04455452766269445
0.04460688196122646
0.04457006845623255
0.044540117494761944
0.04457223117351532
0.04452071636915207
0.04449605233967304
0.044491872750222684
0.04450191967189312
0.04449909757822752
0.04448590073734522
0.04449030496180058
0.04444894064217806
0.04451032895594835
0.044457880593836305
0.04444624930620193
0.04445475265383721
0.04445659089833498
0.044441827572882175
0.04441492222249508
0.044460637494921684
0.0444407906383276
0.0444293424487114
0.04444425031542778
0.04441385213285685
0.044391533732414244
0.044405788742005826
0.04438755754381418
0.04438486136496067
0.044327853620052336
0.04440451320260763
0.044429744593799114
0.04441278092563152
0.04437165930867195
0.04438001178205013
0.04438091292977333
0.044339356012642384
0.04437276925891638
0.044361244328320025
0.04435261730104685
0.04430107288062572
0.044411341100931166
0.044411458633840085
0.04433462228626013
0.044334619864821435
0.04432777520269156
0.0443623386323452
0.04432438630610704
0.04431693162769079
0.04438613951206207
0.04437932725995779
0.04430510811507702
0.04431878104805946
0.04437825232744217
0.04437012672424316
0.04437394887208938
0.044347078911960124
0.04427182208746672
0.044318216294050215
0.04435080550611019
0.04434060025960207
0.044323342852294445
0.04426383879035711
0.04434177149087191
0.04431363511830568
0.044333009980618954
0.044272910058498385
0.04435205385088921
0.044273646734654906
0.04435265548527241
0.044322647340595725
0.04431526865810156
0.0442849176004529
0.04433774575591087
0.0442729426547885
0.04434904288500548
0.04431671220809221
0.04429142829030752
0.0442374849691987
0.044333924725651744
0.044286703877151015
0.04433918371796608
0.0442650131881237
0.044285600632429124
0.04428530931472778
0.04429661724716425
0.04427926559001207
0.04427407551556826
0.04435957390815019
0.044314945489168166
0.04431917052716017
0.04430840723216534
0.044301575422286986
0.044272872433066365
0.04422534815967083
0.04428076390177012
0.04431587066501379
0.044194253720343114
0.04427927862852812
0.04432330764830113
0.044282365776598456
0.04429210685193539
0.04433026555925608
0.044284380972385406
0.04423589129000902
0.04427439346909523
0.04430059399455786
0.04431988969445229
0.04424998685717583
0.044336999952793124
0.04434523526579141
0.044271016120910646
0.044318964891135695
0.04428794588893652
0.04428396411240101
0.044321542419493196
0.04433683138340712
0.044294678047299384
0.044313994236290455
0.044277698174118994
0.04428011868149042
0.04426441378891468
0.04422369413077831
0.04428003951907158
0.04428000580519438
0.04425658378750086
0.0443244643509388
0.04423660933971405
0.04427953213453293
0.04432326909154653
0.04430429898202419
0.04429629780352116
0.04433388914912939
0.0442608205601573
0.04431977830827236
0.044286422431468964
0.04426522869616747
0.044299207627773285
0.04430589284747839
0.044241008907556535
0.04428625125437975
0.044320959225296976
0.04429636020213366
0.044224712438881396
0.04425231777131557
0.04426399804651737
0.04431295432150364
0.044322476349771024
0.04426283575594425
0.044286461919546126
0.04433071911334992
0.04433212038129568
0.044252685457468036
0.04434940554201603
0.044381609000265596
0.04430959466844797
0.044300267845392226
0.044330486468970774
0.04430326595902443
0.04425679109990597
0.044291709549725056
0.044330154173076154
0.04428607318550348
0.04431664645671844
0.044321175664663315
0.04428905751556158
0.044305482506752016
0.04434570539742708
0.04429449737071991
0.04426488373428583
0.04423157162964344
0.04433212708681822
