0.041154091618955134
0.0410962026566267
0.039959054253995416
0.029488643724471332
0.019581171777099372
0.016940177232027055
0.01614165250211954
0.015759515948593615
0.015432762447744608
0.015303373103961349
0.0151718080509454
0.014990795683115721
0.015018094517290591
0.014750685216858983
0.014719983050599694
0.014641239726915955
0.01452822289429605
0.014511681580916046
0.0144524609670043
0.014451790973544121
0.014352539693936706
0.014305893611162902
0.01419753353111446
0.014159631635993718
0.014072734070941806
0.014010528801009059
0.013987311068922282
0.013903329242020845
0.01383840381167829
0.01389003568328917
0.013878405466675759
0.013705408293753862
0.01371263051405549
0.01360322474502027
0.01353830387815833
0.013487312197685241
0.013437938876450062
0.013383786519989371
0.013331080367788673
0.013286730414256454
0.013277174578979612
0.01318216435611248
0.013146091438829898
0.013045611092820764
0.013043319107964635
0.01295963665470481
0.012846436444669962
0.012771443650126457
0.01271292930468917
0.012695612059906125
0.012649097386747599
0.012637877883389593
0.012531154928728938
0.012450321903452277
0.012377366051077842
0.012357246736064554
0.012227601557970046
0.012037729285657406
0.011576687823981047
0.010908484878018498
0.010536471521481872
0.01039771307259798
0.010168729443103075
0.009976929239928722
0.009760301792994142
0.009573182370513678
0.009432003693655133
0.009348907833918929
0.00929405470378697
0.00913904660847038
0.00905423630028963
0.008977385889738797
0.008929368224926293
0.008818588871508836
0.008822870394214987
0.008702523913234473
0.008601922355592252
0.008576820138841867
0.008460879442282021
0.00841460081283003
0.008242938714101911
0.008163141435943544
0.008052024990320206
0.008012616378255188
0.007899784529581667
0.0077869822969660165
0.0076358351856470105
0.007545414404012263
0.007526353583671153
0.007655485859140753
0.007498124171979726
0.007368095149286091
0.0072731997584924105
0.0073278746102005245
0.007225238345563411
0.00723856168333441
0.007155956467613578
0.007087568519636989
0.0070677274139598015
0.007015920733101666
0.007101751328445971
0.007045152084901929
0.006946548330597579
0.006910771713592112
0.0069085196126252415
0.006914684572257102
0.0068839458283036946
0.00682906664442271
0.006769118225201964
0.006772912852466106
0.006772226863540709
0.006745140417478979
0.00674199725035578
0.006740043219178915
0.006755572650581599
0.006676367530599236
0.006646046950481832
0.0066508441930636765
0.0066040708683431145
0.0065878914203494785
0.0066239404492080215
0.0065796703565865755
0.0065440315753221515
0.006531728617846966
0.006510114762932062
0.00649815562646836
0.006476743821986019
0.006493937806226313
0.006466222391463816
0.006470632227137685
0.006446416024118662
0.00644600170198828
0.006388998008333147
0.006370493117719889
0.006359416618943214
0.0063621940091252325
0.006366678909398615
0.006325004086829722
0.006331646745093167
0.006325377873145044
0.00630455631762743
0.006305841682478786
0.006280083837918937
0.006282124342396856
0.006266394350677729
0.0062317527830600735
0.006291971891187131
0.006198134901933372
0.006200303346849978
0.006201644451357425
0.006198146869428456
0.006153499963693321
0.0061405904591083525
0.006145651359111071
0.006204644893296063
0.006128763477317989
0.0061175741488114
0.006079647433944046
0.0060752075864002105
0.006118261860683561
0.006078360532410443
0.006054357090033591
0.006048048753291369
0.006071465252898633
0.006060643889941275
0.006032590218819678
0.006054658605717122
0.00598370477091521
0.005970467417500913
0.005959258321672678
0.00595710095949471
0.0059893454890698195
0.005970173818059266
0.0059307511895895
0.00593365584500134
0.005904852482490242
0.005888108676299453
0.0058751142583787445
0.005867181811481714
0.005879559880122542
0.005860436544753611
0.005855525261722505
0.005882302904501558
0.0058238986413925884
0.00582068560179323
0.005800266680307686
0.005825400655157864
0.005852700071409344
0.005811963113956153
0.005744236847385764
0.005767016764730215
0.005731807649135589
0.005738732917234301
0.005782934348098933
0.005769807030446827
0.0057617805665358904
0.005725175654515624
0.005684437626041472
0.0056862919591367245
0.0056969269411638376
0.00569981629960239
0.005650888150557876
0.005625010631047189
0.005632103350944817
0.005634517641738057
0.005672750435769558
0.0056351725943386555
0.005620419513434172
0.005624329554848373
0.00559032210148871
0.005580973345786333
0.005576472682878375
0.005547302239574492
0.005542534310370684
0.005529887205921113
0.005510298814624548
0.005491493851877749
0.005493982322514057
0.005515496875159442
0.005493384157307446
0.0054749017115682365
0.005471878335811198
0.005440780404023826
0.005455612437799573
0.005424777162261307
0.005505371908657253
0.0054450301919132475
0.005411911010742188
0.005428837798535824
0.005404884368181229
0.005397131317295134
0.00540530493017286
0.0054086090065538885
0.005385140259750188
0.005360403866507113
0.005354735488072038
0.005340344319120049
0.005323649058118463
0.005330196511931717
0.005398936499841511
0.0054231884656474
0.005325574451126159
0.00531971741002053
0.005297678103670478
0.005269115860573948
0.0052816750248894095
0.005272511346265674
0.005260672629810869
0.005264731659553945
0.005248044966720045
0.005254361731931567
0.0052633076440542935
0.005242543178610504
0.005236499896273017
0.005246334499679506
0.005209770053625107
0.005235708551481366
0.005227674101479352
0.005205192137509584
0.005193509696982801
0.005160945700481534
0.005169006902724505
0.005161934625357389
0.005146559863351286
0.005147725786082446
0.005142245232127607
0.005156782083213329
0.005126536497846246
0.00516886415425688
0.005173093220219016
0.005144391558133066
0.0051022574538365
0.005135039240121842
0.005102825700305402
0.005142017896287143
0.005107550555840135
0.005098044103942811
0.005121444095857441
0.005074655474163592
0.005053204158321023
0.005056061199866235
0.005064072529785335
0.005062577035278082
0.00507995008956641
0.005051574483513832
0.00507586335297674
0.005021579167805612
0.005043006921187043
0.005054377345368266
0.005023580673150718
0.005015950370579958
0.005010728142224252
0.00501468856818974
0.005012732441537082
0.0049834501463919875
0.004974135779775679
0.00497048560064286
0.005009727948345244
0.004987702961079777
0.0049685386940836905
