0.036517173051834106
0.037092700600624084
0.03650090470910072
0.03653514385223389
0.03225604444742203
0.03209567070007324
0.020578911527991295
0.020434174686670303
0.015754489228129387
0.01564515382051468
0.015104508958756924
0.014497538097202778
0.014775165356695652
0.01533742155879736
0.014723755419254303
0.01433233730494976
0.013885742984712124
0.013343941420316696
0.01396392285823822
0.014242753386497498
0.014380669221282005
0.01462994609028101
0.013613395392894745
0.013407439924776554
0.013977487571537495
0.014180316589772701
0.01338905282318592
0.01370084099471569
0.014179357327520847
0.013704738579690456
0.014064790681004524
0.013265191577374935
0.014006106182932854
0.01345396414399147
0.013728907331824303
0.013473615981638432
0.01334619801491499
0.013264681212604046
0.012806601822376251
0.0125421779230237
0.014150278642773628
0.01359291560947895
0.01386348344385624
0.01442586537450552
0.013314779847860336
0.013650629669427872
0.013420348055660725
0.013315402902662754
0.012856831774115562
0.013194223865866661
0.013537670485675335
0.012697926722466946
0.013105547055602074
0.012926139868795872
0.012891096994280815
0.013100971467792988
0.012586873956024647
0.012977927923202515
0.013057484291493893
0.012695654295384884
0.013213541358709335
0.01288591232150793
0.013457024469971657
0.013659014366567135
0.014029860496520996
0.014255772344768047
0.013246927410364151
0.01347739901393652
0.013080047443509102
0.012740852311253548
0.012700741179287434
0.012678150087594986
0.012576980516314507
0.012973514385521412
0.012478132732212543
0.012489798478782177
0.012403699569404125
0.012383416295051575
0.013031928800046444
0.012946031056344509
0.01357665378600359
0.012952405028045177
0.013478427194058895
0.013864345848560333
0.012645541690289974
0.012790531851351261
0.012114598415791988
0.012088700197637081
0.011971513740718365
0.012206138111650944
0.01253690104931593
0.01260012574493885
0.012540408410131931
0.012095563113689423
0.012638043612241745
0.012615001760423183
0.012093908153474331
0.01208537258207798
0.011821027845144272
0.012372578494250774
0.011677926406264305
0.012097283266484737
0.01211727038025856
0.012471628375351429
0.012092150747776031
0.011740468442440033
0.011692230589687824
0.011831318028271198
0.012156547047197819
0.011889885179698467
0.01220440212637186
0.011836863122880459
0.011463274247944355
0.01163976825773716
0.011194326914846897
0.011322777718305588
0.010801821015775204
0.010914003476500511
0.010391892865300179
0.010435415431857109
0.010453032329678535
0.010446721687912941
0.010423692874610424
0.010337351821362972
0.010396295227110386
0.010260788723826408
0.010314003564417362
0.01027728896588087
0.01035706140100956
0.010487289167940617
0.01021308172494173
0.01023589912801981
0.01020123716443777
0.01027319859713316
0.010564129799604416
0.010449820198118687
0.010766415856778622
0.010644741356372833
0.010235694237053394
0.010414070449769497
0.010601460002362728
0.010600433684885502
0.010496245697140694
0.010469693690538406
0.010758689604699612
0.010592046193778515
0.01048483606427908
0.010519531555473804
0.010547453537583351
0.010487452149391174
0.010571726597845554
0.01062849722802639
0.010702025145292282
0.010701031424105167
0.010218015871942043
0.010064187459647655
0.010520943440496922
0.010643590241670609
0.010081435553729534
0.010138312354683876
0.010408769361674786
0.01040494441986084
0.00974761601537466
0.010104669257998466
0.009701642207801342
0.009591760113835335
0.009505735710263252
0.009291785769164562
0.009436762891709805
0.00922834686934948
0.009185305796563625
0.008894761092960835
0.009169225580990314
0.009015962481498718
0.008940713480114937
0.008946559391915798
0.009094525128602982
0.009106334298849106
0.00901059154421091
0.008753514848649502
0.008739392273128033
0.008633562363684177
0.008634383790194988
0.008433003909885883
0.008873322047293186
0.008727545849978924
0.008525814861059189
0.00820704735815525
0.008480461314320564
0.008338935673236847
0.008264482021331787
0.008618013001978397
0.008371351286768913
0.0080946059897542
0.008514738641679287
0.008283509872853756
0.008243543095886707
0.008010447956621647
0.008236421272158623
0.007836569100618362
0.008394231088459492
0.008152373135089874
0.007969596423208714
0.008361775428056717
0.007964420132339
0.008310158737003803
0.007812784053385258
0.008534829132258892
0.00800663698464632
0.007783247623592615
0.008329330943524837
0.008129174821078777
0.00808127224445343
0.007717930246144533
0.007950475439429283
0.007628916297107935
0.007891354151070118
0.007797861471772194
0.00772039545699954
0.008325014263391495
0.007718957960605621
0.00801950041204691
0.00796664971858263
0.007709188852459192
0.007866490632295609
0.007498793303966522
0.007692340295761824
0.008065199479460716
0.007705160416662693
0.007512459997087717
0.0077763767912983894
0.0074291713535785675
0.007707287557423115
0.007913919165730476
0.007553671952337027
0.007895130664110184
0.007644299883395433
0.0073831588961184025
0.007560177240520716
0.0077225384302437305
0.007579859346151352
0.007450368721038103
0.007650318555533886
0.007457063067704439
0.007439724635332823
0.007681649643927813
0.007582097314298153
0.007361170835793018
0.007374474313110113
0.007745382376015186
0.007627519313246012
0.007154959253966808
0.0073566073551774025
0.007590776309370995
0.0075171892531216145
0.007233060896396637
0.007521362509578466
0.007170409895479679
0.007323960307985544
0.007519962731748819
0.007663201540708542
0.007298867683857679
0.007123248651623726
0.007881577126681805
0.0073728859424591064
0.00722107570618391
0.007443190552294254
0.00716770114377141
0.00722679914906621
0.007505676709115505
0.007123260758817196
0.008009297773241997
0.00717497430741787
0.007592873647809029
0.007218156475573778
0.007391523104161024
0.007351989857852459
0.007023694925010204
0.007218089886009693
0.007338773459196091
0.007254654075950384
0.007043833378702402
0.007385877892374992
0.0071174148470163345
0.007263244595378637
0.006924218963831663
0.007371063344180584
0.007042373064905405
0.007049361243844032
0.007297765463590622
0.0068536740727722645
0.007715314161032438
0.0071372841484844685
0.00678960932418704
0.006937065627425909
0.007455398328602314
0.006946695037186146
0.007317881099879742
0.00702484929934144
0.007026192732155323
0.006818053312599659
0.007630904205143452
0.007019954267889261
0.007053529843688011
0.00684533454477787
0.007151659112423658
0.00698394188657403
0.007121068425476551
0.0070510138757526875
0.0066781374625861645
0.006804763805121183
0.007233049720525742
0.006806197576224804
0.006896066479384899
0.006767313461750746
0.007254136260598898
0.006778753362596035
0.007543580140918493
0.006871694698929787
0.006611253134906292
0.006778056733310223
0.006941141095012426
0.0069020455703139305
0.00646189833059907
0.0067475782707333565
0.006923874374479055
0.00660895649343729
0.007552315481007099
0.006650601048022509
0.00693994527682662
0.006787161808460951
0.006529686041176319
0.0065813446417450905
0.0069553423672914505
0.006607293616980314
0.0069471243768930435
0.006746409926563501
0.006527163088321686
0.006749163381755352
0.0063289678655564785
0.0067941308952867985
0.006493447348475456
0.006644791923463345
0.00687384232878685
0.006648615468293428
0.00628576148301363
0.0067271278239786625
0.0063808453269302845
0.006598930340260267
0.006460611242800951
0.006588819902390242
0.006300858687609434
0.00654589245095849
0.006441804114729166
0.006310236640274525
0.007193931378424168
0.006442163605242968
0.006708475761115551
0.006545646116137505
0.0061967032961547375
0.006549524143338203
0.006301751360297203
0.006315338890999556
0.006856358610093594
0.006334573496133089
0.006574740167707205
0.0062189106829464436
0.007177276071161032
0.0065049342811107635
0.006100672297179699
0.006384612061083317
0.006122753024101257
0.006438567768782377
0.006132788490504026
0.00657695671543479
0.006221872754395008
0.006334180943667889
0.0061379773542284966
0.006326895672827959
0.006476519163697958
0.006375273689627647
0.006084180902689695
0.006293757818639278
0.005991295911371708
0.006231565494090319
0.006479362491518259
0.006310185883194208
0.0059067681431770325
0.006390523165464401
0.006111000198870897
0.006319208070635796
0.005962441209703684
0.0059124487452209
0.006868771743029356
0.006278300657868385
0.006016109604388475
0.006265509873628616
0.006009075324982405
0.006363693159073591
0.00596704101189971
0.006061399821192026
0.006248789373785257
0.006060940213501453
0.006295987870544195
0.005967931821942329
0.006427932530641556
0.006228047423064709
0.00589777622371912
0.005957131739705801
0.006435357499867678
0.00621357886120677
0.005884004756808281
0.006122499238699675
0.005806400440633297
0.006028433330357075
0.006380224600434303
0.006046816240996122
0.0062174247577786446
0.006145204417407513
0.005668182857334614
0.006254891399294138
0.005880177952349186
0.005920337978750467
0.006468971259891987
0.006113287061452866
0.005710135214030743
0.006056493613868952
0.006339546293020248
0.00609986949712038
0.00573311373591423
0.005964143201708794
0.006119494792073965
0.006065398454666138
0.005695996340364218
0.005980543792247772
0.00625999178737402
0.0059520709328353405
0.0061088381335139275
0.006202108226716518
0.005747001618146896
0.0060809021815657616
0.005706371273845434
0.005971739999949932
0.005608763545751572
0.006097826641052961
0.005768343340605497
0.0060528418980538845
0.005603018216788769
0.005953141953796148
0.0056670065969228745
0.006080433260649443
0.005717002786695957
0.006058224942535162
0.00557555491104722
0.005951561965048313
0.005581195000559092
0.005826595705002546
0.0060504707507789135
0.006034803576767445
0.005709247663617134
0.00596516253426671
0.006204110570251942
0.00592302531003952
0.005629948806017637
0.005814509466290474
0.006313117686659098
0.0059626237489283085
0.005569347180426121
0.006025937385857105
0.0056411572732031345
0.005776991136372089
0.006122557446360588
0.005889215040951967
0.005658464506268501
0.005873620510101318
0.005560593213886023
0.005910993088036776
0.005519044119864702
0.006130804307758808
0.0057801492512226105
0.005865361541509628
0.005547673441469669
0.0058382172137498856
0.00647909427061677
0.005889865569770336
0.005523771978914738
0.0054854233749210835
0.006576851941645145
0.005557124502956867
0.0067654200829565525
0.005861402023583651
0.005662101786583662
0.005746546667069197
0.005897980183362961
0.005844978149980307
0.005575061775743961
0.005950290244072676
0.005627826787531376
0.005813928786665201
0.006063949316740036
0.0056984503753483295
0.005807303823530674
0.005703335627913475
0.0061914632096886635
0.005473939701914787
0.006462829653173685
0.005502429790794849
0.006738988216966391
0.005629756487905979
0.006184406112879515
0.00571024464443326
0.005943693686276674
0.005646382924169302
0.006163479294627905
0.005565999541431665
0.00610516220331192
0.005886282306164503
0.005525731947273016
0.005611281376332045
0.006196426227688789
0.005462558940052986
0.006545694079250097
0.00581419887021184
0.0054880110546946526
0.005453103221952915
0.006377032957971096
0.005774880293756723
0.005464169662445784
0.005613843444734812
0.0058341966941952705
0.005853148177266121
0.005434107966721058
0.005739392712712288
0.005444956943392754
0.005682275164872408
0.005935469176620245
0.005783007480204105
0.005379127338528633
0.005920514930039644
0.005417163949459791
0.0056389388628304005
0.006316870450973511
0.0056356764398515224
0.006302709691226482
0.005659409798681736
0.005958351772278547
0.005933686159551144
0.005366204306483269
0.0056352452374994755
0.0062353177927434444
0.005943701136857271
0.00543095963075757
0.005642801057547331
0.005770569201558828
0.005883014295250177
0.005459199659526348
0.005603082478046417
0.006136706098914146
0.005835176911205053
0.005335508845746517
0.005800287704914808
0.005350699182599783
0.0057907383888959885
0.00539850490167737
0.005673878826200962
0.005352578591555357
0.00551613187417388
0.005991775542497635
0.006015848834067583
0.005412242375314236
0.005684418138116598
0.005322664976119995
0.0055284928530454636
0.005671879276633263
0.0056462944485247135
0.005353525746613741
0.005971886683255434
0.005577072035521269
0.005734617821872234
0.0053458185866475105
0.005466667469590902
0.006069634575396776
0.0056595331989228725
0.005391943734139204
0.005652080290019512
0.005311897955834866
0.0055536795407533646
0.005724521353840828
0.005510654300451279
0.005694064311683178
0.005707909353077412
0.005262839142233133
0.005369449034333229
0.005932831205427647
0.00560965808108449
0.005310652777552605
0.005740677937865257
0.005345301236957312
0.005406960844993591
0.005938722752034664
