-488.1393026312192
-914.262949625651
-774.7100626627604
-617.7937215169271
-582.6641540527344
-433.8918762207031
-439.03282419840497
-430.6948928833008
-425.90164438883465
-393.44920349121094
-414.27732340494794
-375.95420328776044
-353.81776428222656
-334.5261866251628
-338.8316345214844
-308.8296813964844
-295.1904703776042
-281.82104237874347
-351.084966023763
-252.72568384806314
-261.0417111714681
-243.4410057067871
-216.36448287963867
-222.7790298461914
-205.98874155680338
-207.66679763793945
-221.05502446492514
-197.2820790608724
-201.8472557067871
-195.38371149698892
-217.5646095275879
-178.87068049112955
-174.9360122680664
-176.49939346313477
-178.72830454508463
-190.9529889424642
-194.65114720662436
-178.2392209370931
-171.9589614868164
-186.13054275512695
-186.91081619262695
-183.73693466186523
-179.2657953898112
-180.89249547322592
-164.92842864990234
-164.61348342895508
-164.23005803426108
-158.2072664896647
-170.02465947469076
-169.6124636332194
-168.68023173014322
-154.72838338216147
-164.76680755615234
-166.00659306844076
-143.12213134765625
-176.4726359049479
-163.1033617655436
-164.72359085083008
-172.00727335611978
-163.89769744873047
-152.25039545694986
-142.9444923400879
-147.81216303507486
-142.6928596496582
-143.77476374308267
-139.53120549519858
-141.45086161295572
-145.46998723347983
-147.42950693766275
-139.5077985127767
-133.73262659708658
-147.7923698425293
-155.9272117614746
-151.08755111694336
-134.12141545613608
-136.27548853556314
-138.5165138244629
-137.6332524617513
-130.44368616739908
-142.6174405415853
-127.15426063537598
-118.9915377298991
-108.81570243835449
-113.59862454732259
-125.9485912322998
-115.54690933227539
-104.21251996358235
-106.51906776428223
-106.66767311096191
-123.80771446228027
-122.30084292093913
-109.93576939900716
-108.25723520914714
-127.44765726725261
-103.57862408955891
-110.59506289164226
-123.0306790669759
-112.79730478922527
-109.02217483520508
-112.0459582010905
-103.13187154134114
-93.79719543457031
-106.78663889567058
-101.10702260335286
-110.86338996887207
-98.77260462443034
-84.29313532511394
-85.7069600423177
-92.04908688863118
-95.47998491923015
-77.06232007344563
-80.73953819274902
-82.09529622395833
-71.50168736775716
-72.37522252400716
-94.19261678059895
-79.27739397684734
-82.2542158762614
-86.48520596822102
-102.27840169270833
-86.91077486673991
-87.5717118581136
-73.76470915476482
-70.81989065806071
-80.06187566121419
-93.18316650390625
-73.79197057088216
-70.86453406016032
-73.8544413248698
-70.83462397257487
-61.87697887420654
-75.36995315551758
-74.89518165588379
-63.810543060302734
-66.8066800435384
-80.36348915100098
-78.57575988769531
-60.10858917236328
-62.23436005910238
-72.76372782389323
-80.55251948038737
-59.01502291361491
-63.004983266194664
-60.795143127441406
-52.914052645365395
-58.85808912913004
-55.9630069732666
-74.66391944885254
-56.80950419108073
-64.79274400075276
-62.67338943481445
-60.588867823282875
-57.083035469055176
-54.269887606302895
-58.76797866821289
-57.25865840911865
-66.65066591898601
-60.32816791534424
-61.66848882039388
-52.12837505340576
-62.76176961263021
-49.55573813120524
-52.74052906036377
-47.97549311319987
-55.11776479085287
-56.56394990285238
-67.47768338521321
-49.72108840942383
-49.517029762268066
-51.10503578186035
-58.03642018636068
-57.13978703816732
-64.07787132263184
-55.57354195912679
-65.30777931213379
-53.09598191579183
-59.550421396891274
-48.290209452311196
-47.2752046585083
-52.118197758992515
-54.263363202412926
-57.39281749725342
-58.32181644439697
-57.641012827555336
-54.874193827311196
-79.39012591044109
-50.70566590627035
-89.67343235015869
-66.86184628804524
-53.95242818196615
-46.78826141357422
-53.58026949564616
-54.14577452341715
-49.35339768727621
-49.063528060913086
-52.36205800374349
-45.44110584259033
-46.753190994262695
-47.62770366668701
-52.81174564361572
-47.528626124064125
-50.61581007639567
-47.655515352884926
-57.17552089691162
-44.84733517964681
-44.81958866119385
-47.03093401590983
-58.914183616638184
-43.35875542958578
-51.10218811035156
-48.93299516042074
-70.01125049591064
-51.085594177246094
-53.03139877319336
-45.28381601969401
-48.85237058003744
-44.13566366831461
-48.83683204650879
-49.18431536356608
-56.94030888875326
-47.56229050954183
-47.8721710840861
-46.88080851236979
-46.891927083333336
-49.532411893208824
-46.461926778157554
-45.41984017690023
-52.69523970286051
-46.4928674697876
-43.34343560536703
-45.05574862162272
-44.450653394063316
-62.57542355855306
-53.48965040842692
-40.35390822092692
-41.589067459106445
-49.72748629252116
-38.77136103312174
-43.44512367248535
-45.148447036743164
-44.81637064615885
-43.4638868967692
-51.58261330922445
-38.85617812474569
-40.71365737915039
-44.91419665018717
-44.307206789652504
-56.85751883188883
-43.62430318196615
-37.30823294321696
-37.95543257395426
-37.52506796518961
-40.9386043548584
-48.6814177831014
-48.6071408589681
-39.782389640808105
-43.431638399759926
-44.9427916208903
-40.78231430053711
-40.15022373199463
-47.43733882904053
-47.21046574910482
-38.242119471232094
-44.20646985371908
-40.07875124613444
-40.02624766031901
-38.10068416595459
-41.18574364980062
-42.35140641530355
-49.44580841064453
-36.327030658721924
-41.22933483123779
-42.719724337259926
-43.286648750305176
-39.91235033671061
-49.22103214263916
-37.5329008102417
-41.06958166758219
-44.44802316029867
-43.95073445638021
-33.76035372416178
-41.27635637919108
-37.2118117014567
-44.15306599934896
-34.499770164489746
-39.07282225290934
-38.81234550476074
-40.6970731417338
-35.00898265838623
-45.4158665339152
-31.542465845743816
-42.171719233194985
-47.197449684143066
-47.93724695841471
-34.18457539876302
-35.578047116597496
-36.02309958140055
-38.29290580749512
-36.00900363922119
-50.37398370107015
-32.0120415687561
-36.49555460611979
-32.827784856160484
-39.38087177276611
-33.818121115366615
-37.99153232574463
-32.42816893259684
-50.49231719970703
-30.178897539774578
-30.930795192718506
-29.675833225250244
-30.920375029246014
-33.29491170247396
-40.174102465311684
-28.040820757548016
-30.373151938120525
-28.71212673187256
-36.025997161865234
-30.558974424997967
-29.74536641438802
-25.424798488616943
-30.873825232187908
-21.678263187408447
-26.298817316691082
-31.484490394592285
-23.355767726898193
-29.782578945159912
-27.327829043070476
-22.810911496480305
-29.319916407267254
-26.80608320236206
-28.190208594004314
-30.539262612660725
-29.88172705968221
-23.053081671396892
-24.79938777287801
-31.00159231821696
-30.888158480326336
-23.235220591227215
-24.926707585652668
-30.95095141728719
-29.3005051612854
-35.25383996963501
-22.14137077331543
-21.940529028574627
-21.72326914469401
-25.010576089223225
-23.009117603302002
-27.735408465067547
-29.736307621002197
-23.037179787953693
-30.04662863413493
-20.472189744313557
-26.662484963734943
-34.7681991259257
-19.02121909459432
-26.70262082417806
-22.557109514872234
-35.05239216486613
-20.607993761698406
-20.245728492736816
-20.903599898020428
-28.858700116475422
-31.778571446736652
-20.040515581766766
-24.649167855580647
-23.639209270477295
-22.91680606206258
-31.362685203552246
-21.500396410624187
-19.970298210779827
-24.584152857462566
-20.330967505772907
-40.20724328358968
-26.79349422454834
-28.06790065765381
-23.055557409922283
-19.176817417144775
-20.99391492207845
-24.3608291943868
-21.04601828257243
-23.200247446695965
-18.43252182006836
-22.9342622756958
-23.68100372950236
-27.525524139404297
-27.721824645996094
-20.012802759806316
-20.621593316396076
-22.2782564163208
-19.231689453125
-24.74592399597168
-23.435109933217365
-34.185467878977455
-24.49493710199992
-17.65475058555603
-19.956162611643474
-23.500052213668823
-25.40863053003947
-24.940217177073162
-22.97587521870931
-17.83219321568807
-18.72918717066447
-20.340882380803425
-19.247768878936768
-24.891504128774006
-24.165022055308025
-22.08163507779439
-24.267319838205974
-17.75414729118347
-23.749194463094074
-33.7969773610433
-21.52487087249756
-29.21502176920573
-20.064247210820515
-15.675939798355103
-20.49174690246582
-25.826464970906574
-22.865714232126873
-19.542628129323322
-19.104732513427734
-20.748366991678875
-20.505728244781494
-23.70044231414795
-18.499637285868328
-25.542012373606365
-18.78702966372172
-26.172542730967205
-18.75503094991048
-20.124550501505535
-21.834078152974445
-31.11469014485677
-22.65787649154663
-21.666118621826172
-27.77927001317342
-24.020023345947266
-17.032546281814575
-20.514214754104614
-20.67202154795329
-22.15586217244466
-27.06795326868693
-19.95760424931844
-22.349088668823242
-21.83529583613078
-16.838740348815918
-18.5492688814799
-18.88381830851237
-20.763323942820232
-25.24028746287028
-24.539212385813396
-19.476249138514202
-26.48730993270874
-16.542619625727337
-20.10391577084859
-21.370513200759888
-25.007314840952557
-21.86540635426839
-15.422999064127604
-19.111051162083943
-16.87588397661845
-23.851767857869465
-22.23658847808838
-22.40609685579936
-16.48377815882365
-19.85001850128174
-19.557947794596355
-18.96972632408142
-21.080302397410076
-23.58080514272054
-14.892781496047974
-23.284610430399578
-18.923592885335285
-25.58342758814494
-15.80124326546987
-18.5525221824646
-19.889626344045002
-21.754752318064373
-22.034379482269287
-19.967867692311604
-18.224429607391357
-21.31602136294047
-27.627199331919353
-17.33597421646118
-16.734779516855877
-24.664639155069988
-20.982755025227863
-16.474773327509563
-20.211145559946697
-17.720866600672405
-18.08805537223816
-25.56885274251302
-15.884483575820923
-14.442328214645386
-21.313703854878742
-15.528944571812948
-21.225201686223347
-14.886273940404257
-19.106808185577393
-20.20523500442505
-26.09922726949056
-20.742234071095783
-18.290669361750286
-18.54081646601359
-17.35760561625163
-18.274803161621094
-18.749589920043945
-21.240083535512287
-21.40178330739339
-16.431814193725586
-20.171724955240887
-18.441759665807087
-19.390075365702312
-19.023911078770954
-18.34372361501058
-22.241580645243328
-17.975605328877766
-14.850453774134317
-23.071346918741863
-24.467791080474854
-21.37210480372111
-18.22661558787028
-21.066861470540363
-15.715222279230753
-20.111445426940918
-20.38078459103902
-15.07602858543396
-21.458024978637695
-21.186281124750774
-19.79173231124878
-14.76980173587799
-23.14858849843343
-20.84722963968913
-29.644794782002766
-23.019967079162598
-19.818111260732014
-14.563527345657349
-13.797589778900146
-19.4772047996521
-16.493858019510906
-15.563268423080444
-20.271702766418457
-20.680022557576496
-19.308027585347492
-20.984392642974854
-22.261923789978027
-22.614791711171467
-20.569766441981
-20.788201848665874
-24.60775661468506
-29.889953136444092
-18.69375228881836
-16.690442721048992
-20.847488323847454
-15.978766520818075
-16.294915358225506
-20.324876467386883
-20.264085292816162
-19.048284928003948
-16.407241026560467
-14.233995040257772
-17.99389664332072
-18.78729502360026
-15.219178676605225
-20.417446613311768
-19.855329195658367
-18.000749508539837
-21.66575797398885
-17.403930187225342
-18.29129083951314
-17.003084182739258
-17.83651653925578
-19.804346720377605
-13.289978384971619
-16.701136827468872
-18.373334487279255
-13.896737337112427
-15.34057903289795
-14.653942505518595
-13.321957349777222
-14.80132540067037
-22.958638509114582
-26.238743623097736
-19.967690070470173
-19.620272954305012
-17.08126187324524
-20.0310161113739
-15.800371726353964
-26.06370774904887
-27.237590471903484
-16.18736473719279
-17.28696854909261
-18.007827679316204
-16.924468914667766
-14.773500124613443
-15.617709636688232
-17.175423224767048
-16.71327296892802
-17.43490187327067
-18.070218960444134
-26.58686113357544
-20.89518864949544
-17.059250434239704
-13.18782111008962
-13.740957736968994
-23.60475746790568
-15.527950286865234
-12.341713547706604
-15.503729343414307
-18.067126830418903
-19.302679618199665
-15.035435358683268
-14.371087074279785
-21.801487684249878
-21.129940589269
-15.589457352956137
-21.0702223777771
-12.003311713536581
-19.897945324579876
-16.352906545003254
-14.263467152913412
-12.58007264137268
-15.005834420522055
-16.441627740859985
-15.999556303024292
-16.571617046991985
-16.388683716456097
-16.94246284166972
-20.535824696222942
-15.888315995534262
-16.627423127492268
-15.308406750361124
-17.912286917368572
-18.26612130800883
-14.01184900601705
-12.832904974619547
-17.905076424280804
-14.813309669494629
-15.991148471832275
-14.291181723276773
-18.22424840927124
-18.795828342437744
-16.431801716486614
-16.609119772911072
-12.444242437680563
-19.72789414723714
-18.12983536720276
-18.347225745519
-18.52321743965149
-14.803114175796509
-17.01383129755656
-14.961377620697021
-21.777533133824665
-13.25842559337616
-14.224201361338297
-14.794774055480957
-15.1938423315684
-17.634376764297485
-15.560434500376383
-14.276416937510172
-15.137069781621298
-13.77660628159841
-14.437061031659445
-21.619471073150635
-12.065532525380453
-15.976922035217285
-15.83220108350118
-15.699432452519735
-21.325440406799316
-15.248653093973795
-13.06842835744222
-12.669708808263143
-15.187780777613321
-18.791067759195965
-15.581559816996256
-15.102756023406982
-12.855882088343302
-16.577712138493855
-17.486083110173542
-17.459428866704304
-14.800727089246115
-20.16101868947347
-20.430275122324627
-14.652584234873453
-15.930665969848633
-12.994085629781088
-11.905751625696817
-12.718597253163656
-13.681817928949991
-14.791547934214273
-13.329535722732544
-13.356273571650187
-11.203694343566895
-13.961262146631876
-18.944891373316448
-14.409394105275473
-15.636668682098389
-14.501334190368652
-11.616406043370565
-12.738380750020346
-11.318370660146078
