0.1261155639727742
0.035984965404337745
0.03505891788814027
0.03444365440410072
0.03445914645000535
0.03374696876538002
0.03330642783667071
0.03252204163473541
0.03193051521113868
0.031149492962128024
0.030536683639353614
0.02989824993883149
0.029216137683113753
0.028389901143767066
0.027878711868266938
0.027465178852237888
0.026771750427403693
0.02630686834138834
0.025683458515648114
0.025230192089990035
0.024431457664123028
0.02405557352102409
0.023519680898447158
0.022914769996147034
0.02231868391193576
0.021666097304767977
0.021105596598364033
0.02059986464426679
0.020129025700675734
0.019608744435896306
0.0191415005000466
0.0186798918629223
0.01839403407174652
0.018110453372158237
0.01781543180093927
0.017548779720219516
0.01728841648200306
0.017056271275978977
0.016805561354099694
0.016560397876458147
0.01632332370884843
0.016087320767406186
0.015874233223119025
0.015551731558674472
0.01588745848512498
0.01540590922932251
0.015390250571387805
0.015118191531717272
0.014963323187272427
0.014746437141261363
0.014601446198836222
0.01440279460433176
0.01422188215557549
0.014052818916043487
0.013901155741916875
0.013707512334557408
0.013584889803018611
0.013422113985328351
0.01331138223314942
0.013178436590705887
