1.583095669746399
1.359654426574707
1.0270551443099976
0.49528586864471436
0.1394355446100235
0.11893733590841293
0.11133122444152832
0.10222049802541733
0.1234733834862709
0.09978456795215607
0.06362470239400864
0.05609969049692154
0.04742131382226944
0.039546385407447815
0.04694303125143051
0.03145056962966919
0.03130501136183739
0.031478721648454666
0.039918310940265656
0.04584606736898422
0.11225010454654694
0.04906950145959854
0.024369511753320694
0.028540337458252907
0.031806111335754395
0.03149506449699402
0.03034335933625698
0.021405259147286415
0.0293811596930027
0.018547531217336655
0.022977683693170547
0.05521004647016525
0.02053077705204487
0.03263644129037857
0.0322725772857666
0.02184125781059265
0.025311913341283798
0.02556517906486988
0.028668560087680817
0.018962277099490166
0.02539680525660515
0.016164183616638184
0.026199189946055412
0.02762789838016033
0.023532459512352943
0.02139052003622055
0.01773226261138916
0.013691697269678116
0.019221043214201927
0.02086571604013443
0.01820307970046997
0.01856207475066185
0.017883041873574257
0.06416842341423035
0.22339555621147156
0.18830755352973938
0.15332813560962677
0.14456424117088318
0.14549227058887482
0.0299705658107996
0.021155012771487236
0.013394185341894627
0.02746126987040043
0.023904165253043175
0.015175919979810715
0.01647225208580494
0.01515523437410593
0.035851191729307175
0.020851843059062958
0.020636722445487976
0.01769132725894451
0.01416732743382454
0.015203319489955902
0.021876651793718338
0.01278417743742466
0.010700014419853687
0.01857655867934227
0.027630116790533066
0.0320773683488369
0.08307700604200363
0.032566286623477936
0.02465030550956726
0.026396047323942184
0.0316937156021595
0.023007763549685478
0.03405534103512764
0.018732476979494095
0.029588552191853523
0.015079893171787262
0.0198329109698534
0.04665500298142433
0.016149131581187248
0.028641438111662865
0.030787520110607147
0.019100621342658997
0.022512320429086685
0.022936861962080002
0.02218099683523178
0.019520828500390053
0.025366824120283127
0.014422491192817688
0.024491604417562485
0.02648078091442585
0.021599341183900833
0.017957841977477074
0.01483956165611744
0.010755566880106926
0.017051715403795242
0.019076894968748093
0.01685975305736065
0.01913950964808464
0.02083379589021206
0.06338012218475342
0.2142767608165741
0.1809583157300949
0.1500350534915924
0.1423785537481308
0.1453082263469696
0.03298260644078255
0.02285412698984146
0.01357625424861908
0.02848939038813114
0.02410159446299076
0.014207800850272179
0.015434006229043007
0.01374923437833786
0.0356023907661438
0.020389866083860397
0.020877640694379807
0.016343526542186737
0.01242846716195345
0.014598160050809383
0.022398773580789566
0.012734734453260899
0.01102705392986536
0.018087994307279587
0.02673199214041233
0.03064454160630703
0.08234825730323792
0.03593233600258827
0.019675161689519882
0.022696603089571
0.03297955542802811
0.022159729152917862
0.034495651721954346
0.0180217195302248
0.02679745852947235
0.014607874676585197
0.019830655306577682
0.04527731239795685
0.016049688681960106
0.029273778200149536
0.03087056800723076
0.018216056749224663
0.02244611084461212
0.023296259343624115
0.023159939795732498
0.01711275614798069
0.02441774308681488
0.014401373453438282
0.02393314242362976
0.025526341050863266
0.021447908133268356
0.017493244260549545
0.014732718467712402
0.01053501758724451
0.016820887103676796
0.01818835735321045
0.015650674700737
0.016761505976319313
0.01794595457613468
0.06268750876188278
0.21108780801296234
0.17687726020812988
0.14292789995670319
0.13457459211349487
0.13995859026908875
0.03622805327177048
0.022398684173822403
0.013386768288910389
0.027525179088115692
0.02343837544322014
0.014090336859226227
0.01508577261120081
0.013039934448897839
0.03472483903169632
0.019798029214143753
0.02071342058479786
0.0164486151188612
0.012312974780797958
0.014937167055904865
0.02296709455549717
0.013403904624283314
0.011658376082777977
0.018151581287384033
0.02626624144613743
0.029959626495838165
0.08018827438354492
0.055858027189970016
0.016400007531046867
0.020767489448189735
0.02901775762438774
0.02318546734750271
0.031015750020742416
0.017304999753832817
0.02492484822869301
0.016037030145525932
0.019536146894097328
0.04230012372136116
0.015982095152139664
0.029042866080999374
0.029761800542473793
0.017158636823296547
0.02207762561738491
0.022280152887105942
0.02424430102109909
0.016449058428406715
0.02277187816798687
0.014186320826411247
0.02319733239710331
0.02557479776442051
0.018672311678528786
0.017056256532669067
0.014981964603066444
0.010666599497199059
0.016908802092075348
0.01814163848757744
0.015591002069413662
0.016427498310804367
0.016900189220905304
0.06141086295247078
0.20902159810066223
0.17309750616550446
0.13737903535366058
0.12753228843212128
0.13259029388427734
0.03830578178167343
0.02325584553182125
0.014720804058015347
0.028916247189044952
0.025159241631627083
0.015445191413164139
0.01655241660773754
0.01454948540776968
0.03549942746758461
0.021247688680887222
0.02308359555900097
0.017333485186100006
0.013277942314743996
0.015343128703534603
0.023638619109988213
0.013715808279812336
0.012203016318380833
0.018256837502121925
0.026494204998016357
0.029312262311577797
0.07721257954835892
0.04853907972574234
0.017415907233953476
0.020432069897651672
0.02907703071832657
0.021587824448943138
0.03151315823197365
0.017448388040065765
0.025627119466662407
0.015831803902983665
0.019538674503564835
0.04381175339221954
0.015805445611476898
0.02876756340265274
0.029001859948039055
0.016823984682559967
0.021869083866477013
0.02212902531027794
0.023784833028912544
0.017141835764050484
0.023242436349391937
0.014572275802493095
0.02321702428162098
0.025517528876662254
0.018482590094208717
0.01736818253993988
0.01505855843424797
0.010609956458210945
0.016640938818454742
0.017725571990013123
0.015912236645817757
0.016259215772151947
0.016836991533637047
0.06078716740012169
0.20110735297203064
0.17862586677074432
0.13457049429416656
0.12736429274082184
0.12952090799808502
0.037668779492378235
0.02296454831957817
0.014721790328621864
0.02860087715089321
0.025132879614830017
0.015163812786340714
0.016244884580373764
0.014135003089904785
0.03533507511019707
0.021136481314897537
0.022306697443127632
0.016582516953349113
0.01285682525485754
0.015377074480056763
0.023866472765803337
0.013812314718961716
0.012259981594979763
0.018063867464661598
0.0262336153537035
0.02906976081430912
0.07590577006340027
0.05129249393939972
0.01587768830358982
0.02060529589653015
0.029144588857889175
0.0213150791823864
0.03093794360756874
0.01716223731637001
0.0254887156188488
0.01612420193850994
0.01955370232462883
0.04217195510864258
0.01575605571269989
0.028985997661948204
0.029070720076560974
0.016542576253414154
0.021458357572555542
0.02214534766972065
0.023997975513339043
0.015829268842935562
0.02262156829237938
0.014207035303115845
0.022883404046297073
0.025396104902029037
0.018297722563147545
0.01694636233150959
0.014767065644264221
0.01063510961830616
0.01671435683965683
0.017792420461773872
0.0157721359282732
0.016112705692648888
0.01661437377333641
0.06050032377243042
0.1997424066066742
0.16500414907932281
0.12802912294864655
0.11990473419427872
0.12823082506656647
0.04077809676527977
0.025105025619268417
0.01527491770684719
0.02855629473924637
0.02361670508980751
0.014477907679975033
0.015428189188241959
0.013254320248961449
0.03500780463218689
0.020676275715231895
0.020550373941659927
0.016423555091023445
0.01237105205655098
0.015007664449512959
0.023096418008208275
0.013712220825254917
0.011903165839612484
0.017967581748962402
0.025794608518481255
0.028784073889255524
0.07660828530788422
0.0509832389652729
0.014602432027459145
0.019948724657297134
0.028626451268792152
0.021119559183716774
0.0304765235632658
0.016684355214238167
0.025582481175661087
0.016247205436229706
0.01947859115898609
0.04211963713169098
0.015452898107469082
0.028468674048781395
0.02868594229221344
0.01625668630003929
0.021316369995474815
0.021556025370955467
0.02357456646859646
0.015971247106790543
0.022645598277449608
0.01416395790874958
0.02278853952884674
0.025389403104782104
0.01776762492954731
0.017101602628827095
0.015208549797534943
0.011021190322935581
0.017477478832006454
0.01865929737687111
0.01605074852705002
0.01623702421784401
0.016434678807854652
0.05988473445177078
0.19897767901420593
0.15805986523628235
0.12829484045505524
0.1181328222155571
0.11923746019601822
0.04470689222216606
0.028253355994820595
0.01749340631067753
0.029081590473651886
0.023963261395692825
0.013991087675094604
0.015619791112840176
0.013855434954166412
0.035987064242362976
0.020944716408848763
0.021673105657100677
0.0155671751126647
0.012141888961195946
0.014815285801887512
0.023371877148747444
0.013557585887610912
0.01204691268503666
0.017861198633909225
0.02599962428212166
0.028308100998401642
0.07641614228487015
0.037646353244781494
0.019404541701078415
0.021981194615364075
0.02953367494046688
0.020042214542627335
0.031078925356268883
0.01712803728878498
0.027395818382501602
0.015476814471185207
0.01934257335960865
0.04253774881362915
0.015381040051579475
0.028820494189858437
0.030294181779026985
0.016290787607431412
0.02082325518131256
0.0217291209846735
0.023981405422091484
0.015491584315896034
0.02222372032701969
0.01388664823025465
0.022848643362522125
0.025166135281324387
0.018261879682540894
0.0168005358427763
0.014245049096643925
0.01019524410367012
0.016392646357417107
0.017620546743273735
0.015141958370804787
0.015913313254714012
0.016576634719967842
0.05889035388827324
0.1907641440629959
0.14736723899841309
0.11891817301511765
0.10892055928707123
0.10863176733255386
0.05010775104165077
0.030744342133402824
0.01851823180913925
0.027562225237488747
0.021886441856622696
0.013050402514636517
0.014963299967348576
0.01302042044699192
0.036276303231716156
0.02070525474846363
0.019949110224843025
0.015620076097548008
0.011790743097662926
0.014810994267463684
0.022877853363752365
0.013594061136245728
0.011725259944796562
0.017892848700284958
0.024999121204018593
0.027380816638469696
0.07180029898881912
0.04255639761686325
0.014958835206925869
0.020391114056110382
0.02892499975860119
0.020330965518951416
0.030900610610842705
0.016367746517062187
0.026797816157341003
0.01598484441637993
0.019327279180288315
0.04264932498335838
0.014984955079853535
0.027839871123433113
0.029325541108846664
0.016034219413995743
0.020965155214071274
0.021063240244984627
0.023092186078429222
0.015508342534303665
0.02241072803735733
0.013868440873920918
0.022623054683208466
0.025134321302175522
0.017782358452677727
0.016696004197001457
0.014671038836240768
0.01074951235204935
0.01706531271338463
0.018282271921634674
0.015468694269657135
0.016016503795981407
0.01662871614098549
0.05889425799250603
0.1869363784790039
0.1394989788532257
0.11378118395805359
0.10573125630617142
0.10438208281993866
0.05376946181058884
0.03206580504775047
0.018064549192786217
0.02624937891960144
0.020774750038981438
0.012006559409201145
0.014331997372210026
0.012488048523664474
0.0356438048183918
0.020011743530631065
0.020230703055858612
0.015130078420042992
0.011487497948110104
0.014713918790221214
0.022939743474125862
0.013408367522060871
0.011533927172422409
0.01767296902835369
0.024664124473929405
0.026623528450727463
0.06997356563806534
0.038100115954875946
0.015937983989715576
0.020727787166833878
0.0286116823554039
0.02001686953008175
0.031163746491074562
0.016652103513479233
0.027397722005844116
0.015497008338570595
0.019312778487801552
0.043607115745544434
0.015055075287818909
0.02850361354649067
0.03054976277053356
0.015996485948562622
0.020736508071422577
0.02113511972129345
0.02304159849882126
0.015829533338546753
0.022595880553126335
0.013701673597097397
0.022512061521410942
0.024865647777915
0.017940295860171318
0.01667795330286026
0.014299832284450531
0.01036639604717493
0.016976438462734222
0.018256008625030518
0.015562805347144604
0.015834087505936623
0.01657760515809059
0.05839585140347481
0.1811852604150772
0.12971018254756927
0.10489329695701599
0.09854288399219513
0.09726879000663757
0.05944041907787323
0.03552709147334099
0.019167952239513397
0.025251800194382668
0.019247980788350105
0.011067275889217854
0.014067626558244228
0.01234398502856493
0.035917170345783234
0.02007373422384262
0.01950988732278347
0.014786606654524803
0.011168531142175198
0.014609720557928085
0.022692572325468063
0.013379311189055443
0.011247212998569012
0.01757015474140644
0.02427513897418976
0.026316188275814056
0.06830032169818878
0.036910440772771835
0.01718154363334179
0.0211604293435812
0.028760109096765518
0.019566431641578674
0.0313883014023304
0.01684618555009365
0.027349727228283882
0.015457160770893097
0.019334420561790466
0.04288050904870033
0.014856553636491299
0.02780449390411377
0.02972884103655815
0.015930701047182083
0.02062494494020939
0.020855538547039032
0.022943424060940742
0.01542576216161251
0.02225036546587944
0.013662171550095081
0.02244553156197071
0.024586495012044907
0.017961818724870682
0.01670125499367714
0.014114176854491234
0.010230682790279388
0.016903435811400414
0.018174057826399803
0.01563379541039467
0.01580304279923439
0.01669512689113617
0.058021917939186096
0.17370939254760742
0.11973226070404053
0.09974224865436554
0.09283880889415741
0.09149155020713806
0.0637296736240387
0.03516536206007004
0.01844472996890545
0.023497872054576874
0.018215548247098923
0.01038150954991579
0.01365586370229721
0.012021700851619244
0.03585131838917732
0.020199507474899292
0.0191304050385952
0.014553096145391464
0.011037284508347511
0.014582280069589615
0.022783128544688225
0.013320131227374077
0.011198654770851135
0.017424022778868675
0.02406933717429638
0.02623065747320652
0.06905445456504822
0.03507956862449646
0.01642097905278206
0.021057182922959328
0.028473209589719772
0.019482193514704704
0.031103722751140594
0.016800718382000923
0.027266765013337135
0.015494560822844505
0.019201131537556648
0.04289231449365616
0.014898344874382019
0.027797022834420204
0.028971675783395767
0.01586306467652321
0.020298870280385017
0.020694127306342125
0.022540191188454628
0.0157009270042181
0.022358650341629982
0.013681868091225624
0.022232893854379654
0.024541782215237617
0.01749075949192047
0.016448751091957092
0.014074892736971378
0.010208889842033386
0.016861120238900185
0.018058978021144867
0.015586848370730877
0.01571258343756199
0.016630278900265694
0.05691665783524513
0.16569571197032928
0.11008445173501968
0.09644775092601776
0.08891493082046509
0.08746583759784698
0.06400538235902786
0.03254171088337898
0.017831044271588326
0.021592529490590096
0.01755693182349205
0.009940759278833866
0.013401629403233528
0.01180197298526764
0.035753391683101654
0.020120801404118538
0.018654359504580498
0.014366528019309044
0.010927166789770126
0.014563682489097118
0.02252485230565071
0.013283776119351387
0.011042656376957893
0.017420953139662743
0.023707209154963493
0.025801775977015495
0.06852005422115326
0.037048473954200745
0.015959572046995163
0.020767953246831894
0.028422342613339424
0.019494203850626945
0.030828911811113358
0.016322653740644455
0.02722255140542984
0.015396300703287125
0.02024679444730282
0.04306837543845177
0.014677473343908787
0.027806920930743217
0.03020029328763485
0.015667393803596497
0.02037971280515194
0.020633576437830925
0.022411193698644638
0.015456978231668472
0.022031867876648903
0.013517573475837708
0.021928954869508743
0.02456539124250412
0.016909735277295113
0.016240499913692474
0.013766481541097164
0.010008851066231728
0.016648268327116966
0.017914533615112305
0.01538316160440445
0.015597977675497532
0.01654338464140892
0.05596853420138359
0.15881256759166718
0.10086404532194138
0.08990371972322464
0.08522552996873856
0.08455020189285278
0.06826457381248474
0.032073069363832474
0.01708408258855343
0.019996600225567818
0.016094475984573364
0.00913140270859003
0.01305401511490345
0.01161155290901661
0.0353679358959198
0.019706320017576218
0.0183668565005064
0.013956991955637932
0.010589702054858208
0.014317126013338566
0.02204640954732895
0.013120507821440697
0.010677513666450977
0.017272887751460075
0.023544900119304657
0.02586936391890049
0.06905719637870789
0.036165788769721985
0.015524124726653099
0.020640328526496887
0.028050173074007034
0.019550714641809464
0.0309290774166584
0.01647215709090233
0.027300814166665077
0.015305561013519764
0.01915045827627182
0.0432887077331543
0.014554094523191452
0.027163781225681305
0.02820691280066967
0.01568048819899559
0.020216450095176697
0.020161377266049385
0.02170143462717533
0.0154068348929286
0.022292394191026688
0.013482931070029736
0.02179061993956566
0.024327289313077927
0.01695099286735058
0.016174795106053352
0.013598239980638027
0.009879604913294315
0.01642880216240883
0.01761797070503235
0.015348879620432854
0.015529075637459755
0.016652828082442284
0.05509515851736069
0.14879125356674194
0.09115643054246902
0.08472049236297607
0.07900382578372955
0.0794898197054863
0.07205048203468323
0.028616540133953094
0.01666533388197422
0.019096646457910538
0.015407338738441467
0.008859841153025627
0.012874340638518333
0.011501922272145748
0.03501679375767708
0.019481075927615166
0.018624164164066315
0.013773472979664803
0.0103951096534729
0.014216634444892406
0.021828023716807365
0.013044511899352074
0.010529018007218838
0.017168015241622925
0.023231077939271927
0.02572048455476761
0.06871295720338821
0.03450696915388107
0.01594606228172779
0.020745620131492615
0.027936173602938652
0.019074542447924614
0.03064138814806938
0.016231920570135117
0.027641700580716133
0.015188018791377544
0.019403213635087013
0.04315872862935066
0.014299502596259117
0.02675364911556244
0.02782050147652626
0.015681855380535126
0.020070437341928482
0.019848957657814026
0.021351901814341545
0.015174441039562225
0.022321274504065514
0.013485278934240341
0.021478326991200447
0.023894287645816803
0.01655999943614006
0.01609380915760994
0.013508357107639313
0.0098246019333601
0.016290925443172455
0.017435124143958092
0.015377129428088665
0.01536596566438675
0.01644747145473957
0.05388174578547478
0.14231900870800018
0.0836232602596283
0.08255194872617722
0.07824347913265228
0.07785263657569885
0.06951466202735901
0.02822001464664936
0.016154862940311432
0.01838681660592556
0.01500910334289074
0.008687241934239864
0.012697340920567513
0.011409927159547806
0.034528255462646484
0.01934864930808544
0.018262293189764023
0.013776969164609909
0.010334610007703304
0.014110371470451355
0.021619435399770737
0.012801668606698513
0.010310975834727287
0.017080996185541153
0.02295437641441822
0.0255352184176445
0.06806261837482452
0.03368189185857773
0.015845783054828644
0.020684070885181427
0.027507899329066277
0.018962720409035683
0.030439622700214386
0.01628441922366619
0.027559317648410797
0.015237868763506413
0.018742196261882782
0.043412819504737854
0.014395659789443016
0.02675989270210266
0.027575921267271042
0.015682876110076904
0.019738968461751938
0.019726283848285675
0.020909970626235008
0.01516149565577507
0.022235728800296783
0.013413905166089535
0.021185819059610367
0.02334422804415226
0.01657966896891594
0.015880750492215157
0.013353526592254639
0.009745731949806213
0.016087353229522705
0.017263133078813553
0.015269750729203224
0.015268472954630852
0.016445854678750038
0.05285577103495598
0.1371614634990692
0.07874933630228043
0.08159500360488892
0.07823650538921356
0.07865746319293976
0.06936280429363251
0.025267260149121284
0.01581726223230362
0.01766081713140011
0.01425129920244217
0.008376043289899826
0.012471227906644344
0.011312331072986126
0.033640701323747635
0.018769748508930206
0.017839254811406136
0.01340279821306467
0.009972957894206047
0.013777927495539188
0.02084076777100563
0.012616374529898167
0.009873234666883945
0.01705762930214405
0.022808946669101715
0.025650369003415108
0.06856083124876022
0.03177502006292343
0.01592079922556877
0.020701320841908455
0.027108075097203255
0.018512891605496407
0.03008100762963295
0.016099441796541214
0.02843887358903885
0.015346192754805088
0.01883663795888424
0.043299391865730286
0.01446197833865881
0.02707999385893345
0.028180304914712906
0.015359077602624893
0.019313715398311615
0.019558770582079887
0.02062717080116272
0.014798728749155998
0.02200816571712494
0.013216018676757812
0.02089136652648449
0.02282472886145115
0.01648472063243389
0.01564381644129753
0.012951089069247246
0.009239943698048592
0.0152487987652421
0.0165550597012043
0.014786330051720142
0.014994869008660316
0.01629737950861454
0.05018657445907593
0.1267661452293396
0.07102861255407333
0.0803447961807251
0.07730027288198471
0.07793460786342621
0.0678892582654953
0.022682059556245804
0.015559611842036247
0.017647771164774895
0.01425924338400364
0.00831616297364235
0.0122738191857934
0.011133622378110886
0.03299114853143692
0.018348928540945053
0.017698723822832108
0.01342967338860035
0.009921431541442871
0.01356833428144455
0.020397460088133812
0.012246775440871716
0.009545227512717247
0.016693394631147385
0.022465892136096954
0.025437278673052788
0.06777072697877884
0.030347993597388268
0.01641116850078106
0.02072504721581936
0.02713445946574211
0.017885742709040642
0.02997220866382122
0.016150156036019325
0.02851075865328312
0.015696486458182335
0.019292056560516357
0.04245951026678085
0.014417065307497978
0.027169274166226387
0.027869516983628273
0.015425276942551136
0.019292162731289864
0.019494324922561646
0.020530736073851585
0.014770016074180603
0.022084146738052368
0.013051364570856094
0.020538123324513435
0.022424809634685516
0.015777627006173134
0.015540597029030323
0.013220391236245632
0.009576848708093166
0.015889454632997513
0.01696840673685074
0.015167553909122944
0.015093212947249413
0.016314227133989334
0.049945563077926636
0.12264275550842285
0.0690210685133934
0.07680631428956985
0.07337334752082825
0.07483891397714615
0.06290636211633682
0.01914142444729805
0.014865108765661716
0.01679179072380066
0.01346176490187645
0.008186775259673595
0.012089509516954422
0.011090001091361046
0.03182443603873253
0.018126223236322403
0.017643189057707787
0.013096450828015804
0.009621800854802132
0.013275817036628723
0.019672932103276253
0.012295428663492203
0.009205479174852371
0.016947021707892418
0.0219554603099823
0.02503213658928871
0.06612145155668259
0.030308037996292114
0.016440628096461296
0.020657340064644814
0.026521068066358566
0.01797994039952755
0.02939004637300968
0.016275199130177498
0.027934605255723
0.015183983370661736
0.018594734370708466
0.04289209842681885
0.014298150315880775
0.02675945870578289
0.027110014110803604
0.015435652807354927
0.018788311630487442
0.01923876628279686
0.01998273655772209
0.014736335724592209
0.022222768515348434
0.013027992099523544
0.020052557811141014
0.02147882618010044
0.015657754614949226
0.015277097932994366
0.013010624796152115
0.009385636076331139
0.01563321053981781
0.016588611528277397
0.01508907601237297
0.014931024983525276
0.016341079026460648
0.04864665865898132
0.11525615304708481
0.06483446061611176
0.07774953544139862
0.07402314990758896
0.07424016296863556
0.06101579964160919
0.018792232498526573
0.01494775339961052
0.016988150775432587
0.013973811641335487
0.008179256692528725
0.012002051807940006
0.010960695333778858
0.0312179047614336
0.01805969513952732
0.017765937373042107
0.013504044152796268
0.00975087471306324
0.01338384672999382
0.019762137904763222
0.012215801514685154
0.009122048504650593
0.01662556082010269
0.02166040800511837
0.02492881752550602
0.0651048868894577
0.03207244351506233
0.01663254387676716
0.020726950839161873
0.025990787893533707
0.017901262268424034
0.028447225689888
0.015806887298822403
0.02715466544032097
0.014573317021131516
0.01838609389960766
0.04277095943689346
0.014008015394210815
0.025888051837682724
0.025921881198883057
0.015824830159544945
0.01864255964756012
0.018999658524990082
0.01965928263962269
0.01437191292643547
0.0218764990568161
0.012910534627735615
0.019609425216913223
0.020738951861858368
0.0153163131326437
0.015051847323775291
0.012828219681978226
0.009352867491543293
0.01546488143503666
0.016346776857972145
0.01512734405696392
0.014872853644192219
0.01640455611050129
0.04706675931811333
0.10963857173919678
0.06225805729627609
0.0758182555437088
0.07122091948986053
0.07293665409088135
0.05948597937822342
0.017151111736893654
0.013992770574986935
0.016280177980661392
0.013438700698316097
0.008060272783041
0.0116772735491395
0.010774005204439163
0.030049599707126617
0.01766590215265751
0.017668653279542923
0.0133627038449049
0.009642986580729485
0.013386925682425499
0.019534701481461525
0.012082409113645554
0.009009897708892822
0.01642974093556404
0.021201511844992638
0.02458035945892334
0.06298776715993881
0.03412806615233421
0.017391294240951538
0.020619697868824005
0.025507289916276932
0.017663821578025818
0.0279790461063385
0.015452984720468521
0.026815395802259445
0.013705791905522346
0.01829579472541809
0.04206350818276405
0.013692387379705906
0.0251849927008152
0.02586536668241024
0.01579398475587368
0.018388992175459862
0.018967360258102417
0.01942221261560917
0.014219021424651146
0.021759750321507454
0.012759547680616379
0.019081812351942062
0.01975082978606224
0.01543394848704338
0.014895299449563026
0.012660750187933445
0.009248556569218636
0.015258783474564552
0.015991734340786934
0.015087610110640526
0.014628419652581215
0.016257159411907196
0.04507015645503998
0.10202739387750626
0.05905231088399887
0.06951305270195007
0.0648275762796402
0.0685308501124382
0.06643141061067581
0.0170834269374609
0.013255314901471138
0.016551118344068527
0.013677248731255531
0.008029264397919178
0.011487821117043495
0.010749273002147675
0.029617931693792343
0.017415981739759445
0.01770573854446411
0.013420027680695057
0.009717646054923534
0.013603257946670055
0.01949808932840824
0.011714069172739983
0.00879090465605259
0.01595524325966835
0.020494529977440834
0.023747442290186882
0.060211192816495895
0.03287273645401001
0.0181523859500885
0.02045362815260887
0.02478201873600483
0.01725837029516697
0.02754022739827633
0.015353105030953884
0.02627328410744667
0.013271160423755646
0.01837712898850441
0.041186511516571045
0.013450137339532375
0.02451721765100956
0.02546011097729206
0.01599946618080139
0.018399208784103394
0.018882285803556442
0.019349291920661926
0.013902937062084675
0.021516207605600357
0.012624533846974373
0.018452661111950874
0.01858634501695633
0.01533097866922617
0.014579247683286667
0.012504395097494125
0.009238984435796738
0.015064755454659462
0.015621669590473175
0.015222933143377304
0.01445259340107441
0.016082346439361572
0.04361393302679062
0.09678634256124496
0.05611405521631241
0.06716619431972504
0.06314548850059509
0.06853702664375305
0.061566781252622604
0.015988212078809738
0.012930970638990402
0.0164355356246233
0.013596705161035061
0.008042390458285809
0.01131298579275608
0.010645105503499508
0.028763623908162117
0.017073623836040497
0.017220884561538696
0.013280482031404972
0.009666094556450844
0.013699131086468697
0.01918978989124298
0.011797545477747917
0.00881761871278286
0.01563357375562191
0.0197770893573761
0.023173758760094643
0.057643577456474304
0.03215785697102547
0.01893855258822441
0.02054804190993309
0.024292433634400368
0.016827326267957687
0.02678924798965454
0.015418176539242268
0.026326250284910202
0.013089122250676155
0.018226586282253265
0.040147941559553146
0.013119678944349289
0.023835234344005585
0.02574826218187809
0.016079489141702652
0.01806737296283245
0.01879594661295414
0.019132763147354126
0.013776852749288082
0.021250465884804726
0.012452078983187675
0.017820613458752632
0.017502835020422935
0.015012437477707863
0.014192935079336166
0.012463631108403206
0.009132715873420238
0.014982817694544792
0.015327862463891506
0.01513192430138588
0.014283890835940838
0.01605675183236599
0.04202793538570404
0.09150822460651398
0.054698456078767776
0.06660474836826324
0.06211298704147339
0.06752524524927139
0.055592603981494904
0.015282540582120419
0.012410936877131462
0.016005977988243103
0.013052384369075298
0.007869260385632515
0.01103812362998724
0.010566739365458488
0.027502764016389847
0.016450971364974976
0.016522511839866638
0.012992517091333866
0.009396128356456757
0.01360910851508379
0.018492601811885834
0.011920197866857052
0.00876736082136631
0.015719838440418243
0.019129589200019836
0.02250037156045437
0.0548049658536911
0.031057577580213547
0.01920897513628006
0.019940802827477455
0.023988595232367516
0.016227353364229202
0.026096045970916748
0.015535356476902962
0.025841405615210533
0.012490039691329002
0.018247636035084724
0.03906259313225746
0.012855232693254948
0.023349447175860405
0.0254783034324646
0.01628904789686203
0.01765456050634384
0.018581798300147057
0.01869121566414833
0.013760590925812721
0.020948851481080055
0.012385601177811623
0.0171451885253191
0.016375936567783356
0.01473979465663433
0.013803727924823761
0.012323185801506042
0.009041400626301765
0.014914280734956264
0.015022875741124153
0.015226385556161404
0.014191949740052223
0.016312284395098686
0.04068242758512497
0.0871080756187439
0.054505057632923126
0.06659732013940811
0.0619191974401474
0.06474381685256958
0.050440944731235504
0.014480472542345524
0.011876088567078114
0.015672972425818443
0.012958449311554432
0.00778889749199152
0.010782215744256973
0.010460593737661839
0.026471950113773346
0.01606913097202778
0.015939323231577873
0.012916670180857182
0.009369833394885063
0.01386425830423832
0.018239010125398636
0.011744308285415173
0.008685269393026829
0.01531844213604927
0.018491804599761963
0.02172231115400791
0.051911357790231705
0.028539439663290977
0.01954895257949829
0.019716739654541016
0.023609116673469543
0.01567069999873638
0.025227375328540802
0.015565878711640835
0.02693227306008339
0.011774624697864056
0.018766013905405998
0.0382329598069191
0.012834497727453709
0.023594874888658524
0.025637377053499222
0.016320478171110153
0.017426099628210068
0.018759379163384438
0.01855904422700405
0.01370940264314413
0.02108975686132908
0.012099690735340118
0.01688608154654503
0.01527934055775404
0.014337565749883652
0.013346454128623009
0.011765693314373493
0.00894706416875124
0.014038672670722008
0.014666013419628143
0.01487709954380989
0.013554595410823822
0.015151792205870152
0.03752787411212921
0.0805877223610878
0.054890215396881104
0.06744705140590668
0.061658140271902084
0.06302199512720108
0.0452905148267746
0.01449967734515667
0.011577615514397621
0.015402670949697495
0.012808803468942642
0.007749536540359259
0.01045204047113657
0.010306972078979015
0.025112178176641464
0.015668341889977455
0.015149989165365696
0.012906505726277828
0.009313992224633694
0.014120584353804588
0.01768895797431469
0.011505008675158024
0.008547438308596611
0.01500056404620409
0.01769377291202545
0.021022789180278778
0.048156965523958206
0.026548339053988457
0.019367724657058716
0.01950743980705738
0.022656966000795364
0.015252391807734966
0.024229640141129494
0.015396814793348312
0.027113797143101692
0.011578387580811977
0.01869203895330429
0.036067601293325424
0.01240042969584465
0.023458074778318405
0.024861762300133705
0.016131633892655373
0.016731208190321922
0.018439659848809242
0.01806786097586155
0.013652736321091652
0.020345954224467278
0.011954652145504951
0.01624404452741146
0.014223268255591393
0.013536463491618633
0.012975197285413742
0.011710215359926224
0.008925222791731358
0.013937514275312424
0.014316615648567677
0.014814604073762894
0.013379241339862347
0.015207319520413876
0.03602546080946922
0.0760025903582573
0.05481473356485367
0.06718488782644272
0.06080101057887077
0.061771318316459656
0.040751732885837555
0.013405478559434414
0.011040306650102139
0.014848321676254272
0.012491676025092602
0.0076236543245613575
0.010163124650716782
0.010282403789460659
0.023983677849173546
0.01534570287913084
0.0144528578966856
0.012683290988206863
0.009116515517234802
0.014528878964483738
0.017206387594342232
0.01148153841495514
0.008567553013563156
0.014809797517955303
0.017022524029016495
0.02058182656764984
0.04525131732225418
0.028617821633815765
0.019462568685412407
0.018926648423075676
0.021331440657377243
0.014740708284080029
0.02280832640826702
0.014982719905674458
0.0262602549046278
0.011156171560287476
0.018393347039818764
0.03466084599494934
0.012327431701123714
0.023358512669801712
0.024613918736577034
0.016350988298654556
0.01610536128282547
0.01814764179289341
0.017585132271051407
0.013773906975984573
0.019913125783205032
0.011877236887812614
0.01571398414671421
0.013455711305141449
0.013029401190578938
0.012885426171123981
0.011450166814029217
0.008810519240796566
0.013785144314169884
0.013943609781563282
0.014772946015000343
0.013079829514026642
0.014818618074059486
0.03423645347356796
0.07118766009807587
0.05534324795007706
0.06688398867845535
0.06006547808647156
0.06073533743619919
0.03595992550253868
0.012130415067076683
0.010459436103701591
0.014413137920200825
0.012389974668622017
0.007535259239375591
0.009881111793220043
0.010174618102610111
0.022831736132502556
0.014941083267331123
0.014002446085214615
0.012541251257061958
0.009086296893656254
0.015012139454483986
0.016893019899725914
0.011388094164431095
0.008527812547981739
0.014431120827794075
0.016418321058154106
0.019931286573410034
0.04319196194410324
0.0292246975004673
0.01956075243651867
0.01847931370139122
0.020650090649724007
0.014303979463875294
0.021483030170202255
0.014709291979670525
0.02574002556502819
0.01044334564357996
0.01824113354086876
0.03363940492272377
0.012305963784456253
0.023308252915740013
0.02426198124885559
0.016637859866023064
0.015635324642062187
0.017890622839331627
0.017190581187605858
0.01374303549528122
0.01940774731338024
0.011911606416106224
0.015204902738332748
0.012522166594862938
0.012546226382255554
0.012486116029322147
0.011328392662107944
0.008731495589017868
0.013718046247959137
0.013653870671987534
0.014686512760818005
0.012877020984888077
0.01452292874455452
0.032651159912347794
0.06816809624433517
0.05534731224179268
0.06668892502784729
0.05924545228481293
0.06010489910840988
0.03216501697897911
0.011496637016534805
0.00984775647521019
0.014075743965804577
0.012054290622472763
0.007425644900649786
0.009698178619146347
0.010227326303720474
0.021995382383465767
0.014525532722473145
0.013820537365972996
0.012441207654774189
0.009008527733385563
0.015675175935029984
0.016620397567749023
0.011333346366882324
0.008467460051178932
0.013906437903642654
0.015678469091653824
0.01889731176197529
0.0407676137983799
0.026690946891903877
0.020635830238461494
0.018069852143526077
0.020131554454565048
0.013441167771816254
0.020379845052957535
0.01450403779745102
0.026260744780302048
0.010016219690442085
0.0189097560942173
0.03383658081293106
0.012514561414718628
0.02412310428917408
0.023382527753710747
0.016982845962047577
0.01516568474471569
0.017250195145606995
0.01651335507631302
0.01393875665962696
0.019037766382098198
0.012099381536245346
0.014767944812774658
0.011720584705471992
0.011869405396282673
0.012364516034722328
0.01123325526714325
0.008653134107589722
0.013593717478215694
0.013356697745621204
0.014646420255303383
0.012623252347111702
0.014359860680997372
0.03083084151148796
0.062438610941171646
0.05623375251889229
0.06670337915420532
0.05863140523433685
0.05957302823662758
0.028859391808509827
0.010714429430663586
0.009337479248642921
0.013633272610604763
0.011751202866435051
0.007320730946958065
0.009546063840389252
0.010236339643597603
0.021336928009986877
0.014265835285186768
0.013584494590759277
0.012347698211669922
0.008956393226981163
0.016257286071777344
0.016169920563697815
0.011259988881647587
0.008449036628007889
0.013549845665693283
0.015189168974757195
0.01854795403778553
0.03931352123618126
0.02606339566409588
0.02005658484995365
0.017991874366998672
0.019741492345929146
0.013099328614771366
0.0192941315472126
0.014243433251976967
0.0258486270904541
0.009954825975000858
0.018485672771930695
0.031961839646101
0.012565374374389648
0.024052776396274567
0.023346541449427605
0.01719083823263645
0.014798457734286785
0.01701858825981617
0.016325781121850014
0.013837272301316261
0.01843278855085373
0.01210804469883442
0.014489568769931793
0.011142694391310215
0.011443370953202248
0.012023823335766792
0.011098617687821388
0.00859046820551157
0.013391450978815556
0.013124063611030579
0.01429287251085043
0.012314236722886562
0.014091677963733673
0.029066698625683784
0.05693290755152702
0.05605790391564369
0.0669783502817154
0.057421401143074036
0.05741116404533386
0.026939479634165764
0.009854678064584732
0.008822604082524776
0.013262761756777763
0.011553051881492138
0.007198994047939777
0.00942940916866064
0.010230215266346931
0.020713895559310913
0.014037742279469967
0.013653895817697048
0.012341675348579884
0.008996966294944286
0.01675763726234436
0.01602773368358612
0.011239985004067421
0.008375823497772217
0.013022661209106445
0.01438204851001501
0.01798310875892639
0.03745818883180618
0.026548968628048897
0.02030700445175171
0.017655519768595695
0.01933438330888748
0.012642906047403812
0.018658511340618134
0.013727791607379913
0.024359319359064102
0.009865633212029934
0.017686588689684868
0.030214663594961166
0.012260516174137592
0.024082140997052193
0.02323780208826065
0.01719294860959053
0.014393758960068226
0.01650303415954113
0.01587524451315403
0.013952268287539482
0.017929894849658012
0.012021967209875584
0.014264030382037163
0.010685012675821781
0.010975062847137451
0.011927036568522453
0.011014014482498169
0.008562424220144749
0.01311881560832262
0.012756275944411755
0.01415027305483818
0.012055883184075356
0.013743197545409203
0.027329953387379646
0.05279868096113205
0.056425608694553375
0.0660676509141922
0.05700641870498657
0.05573476850986481
0.025581590831279755
0.009286276064813137
0.008626652881503105
0.012937947176396847
0.01151634007692337
0.007130390498787165
0.009317189455032349
0.01013113558292389
0.020070325583219528
0.013787634670734406
0.013822437264025211
0.012490303255617619
0.009171022102236748
0.017191000282764435
0.015920445322990417
0.011129305697977543
0.00831600185483694
0.012502247467637062
0.013918224722146988
0.01765647903084755
0.03563300892710686
0.02561953105032444
0.019488994032144547
0.017654629424214363
0.019359257072210312
0.01242898590862751
0.01831011474132538
0.01355836819857359
0.023772014304995537
0.009484593756496906
0.017721913754940033
0.02854231186211109
0.012085264548659325
0.02339603751897812
0.02322760410606861
0.017334818840026855
0.014127381145954132
0.016126390546560287
0.015686197206377983
0.01391518022865057
0.017330888658761978
0.011973083950579166
0.01400773786008358
0.010356723330914974
0.010489876382052898
0.011700356379151344
0.01097382977604866
0.008486981503665447
0.013120129704475403
0.012699533253908157
0.013841652311384678
0.011879382655024529
0.013677120208740234
0.02615690603852272
0.04972849041223526
0.04937490448355675
0.06383027136325836
0.05669006332755089
0.057820141315460205
0.024843091145157814
0.008752020075917244
0.008089610375463963
0.012197162955999374
0.010930323973298073
0.007018435746431351
0.009312177076935768
0.010222253389656544
0.01955031231045723
0.01359725371003151
0.013949130661785603
0.012543735094368458
0.009156690910458565
0.01735728234052658
0.01580190286040306
0.01116000022739172
0.008329243399202824
0.012302774004638195
0.013574212789535522
0.01745716482400894
0.034770309925079346
0.025607815012335777
0.019559936597943306
0.017864465713500977
0.01925070211291313
0.012315763160586357
0.017664825543761253
0.013189222663640976
0.02280270680785179
0.00998716987669468
0.017446648329496384
0.027050506323575974
0.012020176276564598
0.022271759808063507
0.02347530610859394
0.017614690586924553
0.013996344991028309
0.016003239899873734
0.01567509025335312
0.013726345263421535
0.016702920198440552
0.012102589011192322
0.013820856809616089
0.010110011324286461
0.010230755433440208
0.011580412276089191
0.011053101159632206
0.00853117648512125
0.013052621856331825
0.012537030503153801
0.013707921840250492
0.01171707920730114
0.013531534932553768
0.02516116201877594
0.04796784371137619
0.04713355377316475
0.06070157140493393
0.057735588401556015
0.05943247675895691
0.023865684866905212
0.00821695476770401
0.007793175522238016
0.012096617370843887
0.01107407920062542
0.006967001128941774
0.009186838753521442
0.010036452673375607
0.01918165013194084
0.013509772717952728
0.014037340879440308
0.012611782178282738
0.009410705417394638
0.01771624945104122
0.015706654638051987
0.011064447462558746
0.008306941017508507
0.01159730739891529
0.012697822414338589
0.016895608976483345
0.034147702157497406
0.027026396244764328
0.019567377865314484
0.018239125609397888
0.01876811869442463
0.012298878282308578
0.017226118594408035
0.013106238096952438
0.021607592701911926
0.00939728319644928
0.01710936799645424
0.026618245989084244
0.011995370499789715
0.022199686616659164
0.023659519851207733
0.01760350912809372
0.013738667592406273
0.01589319109916687
0.01563451997935772
0.013471375219523907
0.01596631482243538
0.01201480720192194
0.013615359552204609
0.009932215325534344
0.009959995746612549
0.011523235589265823
0.011007126420736313
0.00853261724114418
0.013010017573833466
0.012472078204154968
0.013620585203170776
0.011495476588606834
0.013230009004473686
0.02425147220492363
0.046414829790592194
0.04597831517457962
0.05975280702114105
0.05612483620643616
0.05833327770233154
0.023037025704979897
0.007983340881764889
0.007607064209878445
0.011981258168816566
0.010975709185004234
0.006909833289682865
0.009091111831367016
0.009966489858925343
0.018832677975296974
0.01328220870345831
0.01415120717138052
0.012658147141337395
0.00950892735272646
0.018000204116106033
0.015725020319223404
0.01106235384941101
0.008286464028060436
0.01133616641163826
0.01239978801459074
0.016529107466340065
0.032707393169403076
0.024708248674869537
0.01936480589210987
0.018173296004533768
0.01900099404156208
0.012059816159307957
0.016928961500525475
0.01283785980194807
0.02145051397383213
0.009937248192727566
0.01679888740181923
0.025556467473506927
0.011842578649520874
0.021672625094652176
0.02354377508163452
0.01746027171611786
0.01342044398188591
0.015622993931174278
0.0154825858771801
0.013318357989192009
0.01554110087454319
0.012050670571625233
0.013454742729663849
0.009710034355521202
0.009694015607237816
0.01134079322218895
0.010989227332174778
0.0084927873685956
0.01300458237528801
0.012423031963407993
0.013425934128463268
0.011449655517935753
0.013238294050097466
0.023631125688552856
0.04509950429201126
0.043140970170497894
0.05734458193182945
0.05663830786943436
0.05922888591885567
0.022485928609967232
0.007796366699039936
0.007369769271463156
0.011799206025898457
0.010851516388356686
0.0068234833888709545
0.008944850414991379
0.00986771285533905
0.018456974998116493
0.013061080127954483
0.014273685403168201
0.012692653574049473
0.00950616504997015
0.01821953058242798
0.01570550724864006
0.011112713254988194
0.008206208236515522
0.011101532727479935
0.012151667848229408
0.016216028481721878
0.03162693604826927
0.023522865027189255
0.01859404891729355
0.018196381628513336
0.01913503184914589
0.01210438646376133
0.0166254173964262
0.012882857583463192
0.021478280425071716
0.0095224529504776
0.016616081818938255
0.025232335552573204
0.0120268315076828
0.02180294506251812
0.023287314921617508
0.017627719789743423
0.013325533829629421
0.015506952069699764
0.015569848008453846
0.013084815815091133
0.014921780675649643
0.011845936998724937
0.013420989736914635
0.009542036801576614
0.009603005833923817
0.011303276754915714
0.011060986667871475
0.008501945063471794
0.013009768910706043
0.012251993641257286
0.013243119232356548
0.011343362741172314
0.013154424726963043
0.02296404168009758
0.04370389133691788
0.04230106621980667
0.05714286491274834
0.054570361971855164
0.05708153173327446
0.021662313491106033
0.007660545874387026
0.007205404341220856
0.011589903384447098
0.010805460624396801
0.006806259509176016
0.008902987465262413
0.009748604148626328
0.018137281760573387
0.012873177416622639
0.014482187107205391
0.012685941532254219
0.009590755216777325
0.018315639346837997
0.015630869194865227
0.011132871732115746
0.0082106227055192
0.01079337578266859
0.01184359285980463
0.015902860090136528
0.030931249260902405
0.023439204320311546
0.018591217696666718
0.018323509022593498
0.018835965543985367
0.012105947360396385
0.01628556288778782
0.012732397764921188
0.02065613493323326
0.009357432834804058
0.016241418197751045
0.024341044947504997
0.012027399614453316
0.021619094535708427
0.023386264219880104
0.017472798004746437
0.01307117659598589
0.015430057421326637
0.015359587036073208
0.012955126352608204
0.014516358263790607
0.011701121926307678
0.013254632242023945
0.00946536473929882
0.009511487558484077
0.01132312510162592
0.011027537286281586
0.008473900146782398
0.012941214255988598
0.012103492394089699
0.013085911050438881
0.011217063292860985
0.013041231781244278
0.02226722240447998
0.04256071150302887
0.04092784598469734
0.054907940328121185
0.053063757717609406
0.05748341232538223
0.021374156698584557
0.007554272655397654
0.007073790300637484
0.011532784439623356
0.010714509524405003
0.00674323458224535
0.00882659200578928
0.009729398414492607
0.01795359142124653
0.012770983390510082
0.014581384137272835
0.012675855308771133
0.009601647034287453
0.018325863406062126
0.015462600626051426
0.01126475166529417
0.008208854123950005
0.010723834857344627
0.011702919378876686
0.015790266916155815
0.030494442209601402
0.02227325737476349
0.016936730593442917
0.018450714647769928
0.01846320927143097
0.011912976391613483
0.016254344955086708
0.012664718553423882
0.020659010857343674
0.009083402343094349
0.015981508418917656
0.02417849376797676
0.012201962061226368
0.02155858464539051
0.023914817720651627
0.0171493012458086
0.012915024533867836
0.015245268121361732
0.015378408133983612
0.01265685260295868
0.014192120172083378
0.011543670669198036
0.013051997870206833
0.009353889152407646
0.009374866262078285
0.011264638975262642
0.011081425473093987
0.008493991568684578
0.012817401438951492
0.011878130957484245
0.01286410540342331
0.011164164170622826
0.01298062689602375
0.021675726398825645
0.04116267338395119
0.04024067521095276
0.05430443957448006
0.05182866379618645
0.0560624785721302
0.020829249173402786
0.007605438586324453
0.006931127514690161
0.011483007110655308
0.010706664063036442
0.006751871667802334
0.008778871037065983
0.00960484053939581
0.01768590696156025
0.01257432159036398
0.014689072966575623
0.012680512852966785
0.009767670184373856
0.018285587430000305
0.015472217462956905
0.011199649423360825
0.008212734945118427
0.010279517620801926
0.011397821828722954
0.015330753289163113
0.029588880017399788
0.022304553538560867
0.017034213989973068
0.018558340147137642
0.01812736503779888
0.011937382631003857
0.01601484790444374
0.012693261727690697
0.019746769219636917
0.008754749782383442
0.015639420598745346
0.023120272904634476
0.01198169868439436
0.02134166844189167
0.023916199803352356
0.016894349828362465
0.012682365253567696
0.015042192302644253
0.015113122761249542
0.012433649972081184
0.013778180815279484
0.011419221758842468
0.012818082235753536
0.009246185421943665
0.009204253554344177
0.011238574981689453
0.011036665178835392
0.0084395045414567
0.012659415602684021
0.011688469909131527
0.01274593360722065
0.011177224107086658
0.01291880663484335
0.021172072738409042
0.039851054549217224
0.038133405148983
0.05209273099899292
0.051215760409832
0.057500436902046204
0.02072492241859436
0.0074937292374670506
0.006694768089801073
0.01135309413075447
0.010635845363140106
0.006709097418934107
0.008728028275072575
0.009595334529876709
0.017566783353686333
0.012376519851386547
0.01460215449333191
0.0125971594825387
0.009665670804679394
0.01817251369357109
0.01541305985301733
0.011122550815343857
0.008131049573421478
0.010122181847691536
0.011164112016558647
0.015151696279644966
0.028687970712780952
0.021441763266921043
0.01577826403081417
0.01876171864569187
0.01785406656563282
0.011641361750662327
0.0158853717148304
0.012492922134697437
0.019671078771352768
0.008522259071469307
0.015318168327212334
0.02217080071568489
0.012041274458169937
0.02084924839437008
0.024660736322402954
0.0167300496250391
0.012579698115587234
0.014801355078816414
0.015129667706787586
0.012139759957790375
0.013408921658992767
0.01118199061602354
0.012651347555220127
0.00912813562899828
0.00895173754543066
0.011241690255701542
0.011001944541931152
0.00840817578136921
0.012486495077610016
0.01141352765262127
0.012540965341031551
0.011035695672035217
0.012822266668081284
0.020788637921214104
0.03886662796139717
0.037657205015420914
0.05158436298370361
0.05018698796629906
0.05652895197272301
0.020386170595884323
0.0076235318556427956
0.006599562242627144
0.011454886756837368
0.010642223991453648
0.006696669384837151
0.008658894337713718
0.009486092254519463
0.017337873578071594
0.012181825935840607
0.014637629501521587
0.01258165668696165
0.009631343185901642
0.018023768439888954
0.015249931253492832
0.011075270362198353
0.007991348393261433
0.00992598570883274
0.010845604352653027
0.014749332331120968
0.028031794354319572
0.02139049954712391
0.015618954785168171
0.01841825619339943
0.017809497192502022
0.011657556518912315
0.015759645029902458
0.0122809624299407
0.01866588369011879
0.008198722265660763
0.01497724186629057
0.02141033113002777
0.011986630037426949
0.02034827321767807
0.024278976023197174
0.01639450341463089
0.012922401539981365
0.014567900449037552
0.015269280411303043
0.011613784357905388
0.012950681149959564
0.011038850992918015
0.012534080073237419
0.00900433212518692
0.008796893991529942
0.011209506541490555
0.01103825494647026
0.008387282490730286
0.012460624799132347
0.0113605298101902
0.012484291568398476
0.011188482865691185
0.012816890142858028
0.020414885133504868
0.037526849657297134
0.037426602095365524
0.05131853371858597
0.04866389185190201
0.05507393926382065
0.01964242197573185
0.007569422945380211
0.0064474488608539104
0.011557717807590961
0.010603217408061028
0.006702962331473827
0.008630076423287392
0.00942173134535551
0.017137650400400162
0.012040707282721996
0.014732351526618004
0.012494392693042755
0.009632516652345657
0.01781672239303589
0.015097072347998619
0.010938570834696293
0.007978451438248158
0.009773606434464455
0.010630185715854168
0.014611244201660156
0.028151696547865868
0.02040078677237034
0.014471417292952538
0.01808779686689377
0.017875883728265762
0.011414580047130585
0.015609627589583397
0.01214681938290596
0.018546542152762413
0.00806135218590498
0.01473172940313816
0.020470030605793
0.011777076870203018
0.019848085939884186
0.024702727794647217
0.016008155420422554
0.012721736915409565
0.014405111782252789
0.01513909362256527
0.01133562158793211
0.012634174898266792
0.010885238647460938
0.012391550466418266
0.008911269716918468
0.008524383418262005
0.011219858191907406
0.011008396744728088
0.008346373215317726
0.012361777946352959
0.011227165348827839
0.012331436388194561
0.011145018972456455
0.012785042636096478
0.019899215549230576
0.03641333058476448
0.03643371909856796
0.05056895688176155
0.047930195927619934
0.05477047711610794
0.019435402005910873
0.007723538670688868
0.006330789998173714
0.011604521423578262
0.010597385466098785
0.00669575622305274
0.008656041696667671
0.009411619044840336
0.01692613773047924
0.011918650940060616
0.014750707894563675
0.012502345256507397
0.0096834572032094
0.01757337711751461
0.015034247189760208
0.010902549140155315
0.007904878817498684
0.009572061710059643
0.010369372554123402
0.014329512603580952
0.027447208762168884
0.020509138703346252
0.01436497364193201
0.01785389892756939
0.017827143892645836
0.011440519243478775
0.015397955663502216
0.011961223557591438
0.017667319625616074
0.007856791839003563
0.014449252746999264
0.01982496865093708
0.011719966307282448
0.019399136304855347
0.024650054052472115
0.015654820948839188
0.012602720409631729
0.014207461848855019
0.015027716755867004
0.011171349324285984
0.012330234982073307
0.010773378424346447
0.01228245161473751
0.00881868600845337
0.008289752528071404
0.011233026161789894
0.010965333320200443
0.00831661093980074
0.01227717474102974
0.011070389300584793
0.012178823351860046
0.01110257487744093
0.012774377129971981
0.01957881636917591
0.03550112247467041
0.03411705791950226
0.04763989895582199
0.047525063157081604
0.05684901401400566
0.01873411051928997
0.0074821352027356625
0.006255835294723511
0.011531652882695198
0.010590054094791412
0.006696157157421112
0.008632867597043514
0.009360985830426216
0.016837427392601967
0.011888709850609303
0.014743550680577755
0.01250557228922844
0.009670096449553967
0.017295924946665764
0.015007940120995045
0.0108663160353899
0.007920977659523487
0.00920936930924654
0.010194139555096626
0.01424433197826147
0.027004458010196686
0.020808398723602295
0.014065444469451904
0.0178091861307621
0.01771547831594944
0.01138724759221077
0.015227153897285461
0.011768114753067493
0.01693616434931755
0.007803369779139757
0.014197689481079578
0.01913439854979515
0.011513188481330872
0.019229421392083168
0.024470442906022072
0.015246270224452019
0.012230703607201576
0.014098748564720154
0.014770756475627422
0.011201496236026287
0.012102147564291954
0.01085079088807106
0.01207401417195797
0.00870149489492178
0.008113540709018707
0.01124212983995676
0.010879811830818653
0.00824948400259018
0.01214812882244587
0.01091074664145708
0.01184889581054449
0.011011699214577675
0.012781684286892414
0.019223053008317947
0.034510355442762375
0.03262174874544144
0.048242684453725815
0.0506591722369194
0.04509429261088371
0.018129680305719376
0.007147299125790596
0.006216699257493019
0.011209271848201752
0.010362218134105206
0.006646729074418545
0.008630198426544666
0.00942622497677803
0.016673598438501358
0.011745506897568703
0.014829637482762337
0.012348886579275131
0.00953105092048645
0.01701105572283268
0.014798491261899471
0.010778568685054779
0.007770860567688942
0.009192617610096931
0.010034872218966484
0.014032060280442238
0.026291828602552414
0.0201750248670578
0.013640550896525383
0.01762174628674984
0.01758274994790554
0.011348031461238861
0.01501509454101324
0.011680024676024914
0.01678433269262314
0.007548260036855936
0.013874377124011517
0.018441617488861084
0.011304156854748726
0.01872139424085617
0.024278301745653152
0.015095500275492668
0.012170222587883472
0.013858926482498646
0.014820251613855362
0.01090293936431408
0.011805737391114235
0.010444964282214642
0.012046441435813904
0.008647012524306774
0.007938203401863575
0.011301403865218163
0.010918529704213142
0.008232922293245792
0.01210580114275217
0.0109278978779912
0.011714780703186989
0.011007740162312984
0.01277208887040615
0.018755150958895683
0.03375101834535599
0.03358497470617294
0.07633382827043533
0.05116882175207138
0.04623187333345413
0.018516795709729195
0.008490566164255142
0.006137613207101822
0.012065013870596886
0.010693125426769257
0.006757565774023533
0.008510345593094826
0.00902714766561985
0.016357962042093277
0.011700710281729698
0.014837061055004597
0.012277232483029366
0.009807087481021881
0.016929233446717262
0.015252653509378433
0.011052554473280907
0.008168289437890053
0.008454904891550541
0.009552390314638615
0.013295911252498627
0.025959165766835213
0.020256150513887405
0.013554532080888748
0.017281807959079742
0.01722157746553421
0.01113820169121027
0.014750214293599129
0.011837825179100037
0.01481585018336773
0.007443198002874851
0.013606622815132141
0.01777840405702591
0.011147473938763142
0.018318433314561844
0.024123791605234146
0.014860703609883785
0.01236135046929121
0.013764051720499992
0.015047917142510414
0.010528014972805977
0.011550438590347767
0.010183336213231087
0.011878563091158867
0.0085943304002285
0.007797499652951956
0.011158810928463936
0.010839002206921577
0.008202453143894672
0.011890022084116936
0.010782143101096153
0.011517869308590889
0.010952509939670563
0.012759272940456867
0.01848882995545864
0.033314064145088196
0.03174309805035591
0.05649517476558685
0.051838427782058716
0.045283347368240356
0.01726471818983555
0.007354079745709896
0.0060055493377149105
0.011586585082113743
0.01048868615180254
0.0066830310970544815
0.008533377200365067
0.00916304625570774
0.016349801793694496
0.011590378358960152
0.014909744262695312
0.012247053906321526
0.00954381376504898
0.01681307703256607
0.01477705966681242
0.010765152052044868
0.007846944034099579
0.008601922541856766
0.009445755742490292
0.013222974725067616
0.0251395832747221
0.020447764545679092
0.01349002867937088
0.016975902020931244
0.017295649275183678
0.010971607640385628
0.014584268443286419
0.011666076257824898
0.015064025297760963
0.007397568318992853
0.01340158749371767
0.01709948480129242
0.010968289338052273
0.01801985688507557
0.024243559688329697
0.014578753150999546
0.012012534774839878
0.013649513944983482
0.014830095693469048
0.010611841455101967
0.011321610771119595
0.01011394802480936
0.011734217405319214
0.008549301885068417
0.007659231778234243
0.011147981509566307
0.010803226381540298
0.008142763748764992
0.011755308136343956
0.010770515538752079
0.01139052864164114
0.01100480742752552
0.012779902666807175
0.01816878281533718
0.032769206911325455
0.032100610435009
0.06767945736646652
0.04948814958333969
0.04500449076294899
0.016911815851926804
0.007838449440896511
0.005981914699077606
0.011620218865573406
0.010425204411149025
0.006730380933731794
0.008534885011613369
0.009071175940334797
0.016249559819698334
0.011647762730717659
0.014793501235544682
0.012122199870646
0.009639511816203594
0.016734812408685684
0.014901014044880867
0.010896410793066025
0.00798608735203743
0.008424301631748676
0.009251928888261318
0.012867225334048271
0.02476518414914608
0.020242180675268173
0.013323701918125153
0.016682341694831848
0.017104769125580788
0.01106659509241581
0.014364738948643208
0.011453386396169662
0.01397334411740303
0.007352503482252359
0.013140209950506687
0.016604827716946602
0.010881742462515831
0.017705388367176056
0.024142343550920486
0.01429429929703474
0.012111827731132507
0.013362525030970573
0.014706557616591454
0.01035564299672842
0.01111993845552206
0.009969371370971203
0.011536987498402596
0.008474350906908512
0.007576129864901304
0.011120273731648922
0.010772849433124065
0.008070146664977074
0.01160229928791523
0.010645631700754166
0.011283879168331623
0.010981570929288864
0.012769091874361038
0.018038276582956314
0.03243940323591232
0.031216561794281006
0.060187727212905884
0.04948427155613899
0.04442206770181656
0.016051076352596283
0.007314478047192097
0.005871965549886227
0.011301413178443909
0.010302227921783924
0.006677888799458742
0.008528762497007847
0.009121738374233246
0.01621222123503685
0.011638909578323364
0.014707031659781933
0.01200221199542284
0.009430698119103909
0.016539959236979485
0.014561351388692856
0.010697298683226109
0.007753326557576656
0.008419902063906193
0.009161612950265408
0.012743518687784672
0.024267343804240227
0.020115159451961517
0.013217279687523842
0.01653096452355385
0.017167886719107628
0.01082014199346304
0.014222281984984875
0.011439157649874687
0.013875775970518589
0.007231573108583689
0.01287623681128025
0.01600971445441246
0.010740341618657112
0.017214160412549973
0.023502696305513382
0.013969325460493565
0.011799395084381104
0.013018014840781689
0.014494189992547035
0.010411919094622135
0.010957937687635422
0.009896514937281609
0.011476736515760422
0.008465807884931564
0.007453791797161102
0.011120242066681385
0.010689418762922287
0.007961124181747437
0.01145079918205738
0.010617312043905258
0.011199005879461765
0.0111094294115901
0.012848902493715286
0.01784951612353325
0.03203420341014862
0.030977729707956314
0.06274698674678802
0.04825427010655403
0.04376518726348877
0.015337247401475906
0.0073907324112951756
0.005838977172970772
0.011213025078177452
0.010226658545434475
0.0066639394499361515
0.00851605273783207
0.009099495597183704
0.016081543639302254
0.011596469208598137
0.014651970006525517
0.011931310407817364
0.00939963012933731
0.016437476500868797
0.0144445626065135
0.010642499662935734
0.00777458306401968
0.0082532474771142
0.009017900563776493
0.012490097433328629
0.023345820605754852
0.020190918818116188
0.013071891851723194
0.016301091760396957
0.01685793325304985
0.010750830173492432
0.014058876782655716
0.011332190595567226
0.013242306187748909
0.007133864797651768
0.012553427368402481
0.015308603644371033
0.010687272995710373
0.016675403341650963
0.023407472297549248
0.013439107686281204
0.011646762490272522
0.012745463289320469
0.01427188329398632
0.010396860539913177
0.010781844146549702
0.009840277954936028
0.011370878666639328
0.008402387611567974
0.007352021988481283
0.011143218725919724
0.0105885099619627
0.007851473987102509
0.011212779209017754
0.010511250235140324
0.011125903576612473
0.01107674092054367
0.012821678072214127
0.017740927636623383
0.0318203903734684
0.030721338465809822
0.06040187552571297
0.04776008054614067
0.0430908128619194
0.014809480868279934
0.0071473559364676476
0.005783419590443373
0.011103654280304909
0.010160228237509727
0.006639777682721615
0.008491397835314274
0.009083827957510948
0.015974322333931923
0.011563330888748169
0.014516673050820827
0.011857991106808186
0.00933390948921442
0.016212379559874535
0.014245369471609592
0.01050074864178896
0.007606347091495991
0.008429826237261295
0.00892901886254549
0.012285137549042702
0.022942323237657547
0.020050369203090668
0.012847606092691422
0.01616954430937767
0.016977790743112564
0.01064087264239788
0.013991927728056908
0.011181035079061985
0.012897087261080742
0.0070725493133068085
0.012269105762243271
0.01478336937725544
0.010666375048458576
0.016431409865617752
0.022924864664673805
0.013113741762936115
0.011353191919624805
0.012472067959606647
0.01405807863920927
0.010352312587201595
0.010752188041806221
0.00980793684720993
0.011300850659608841
0.00835941918194294
0.007216519210487604
0.011106971651315689
0.010623430833220482
0.0078066252171993256
0.011134634725749493
0.010338827967643738
0.010916635394096375
0.011033411137759686
0.012798814103007317
0.017685703933238983
0.03169676288962364
0.03091469407081604
0.061816416680812836
0.04615230858325958
0.04215335473418236
0.014642179943621159
0.007127663120627403
0.005762141663581133
0.010996432974934578
0.010046491399407387
0.006608955096453428
0.008484141901135445
0.009105934761464596
0.015919551253318787
0.01155058667063713
0.014391104690730572
0.011701036244630814
0.009262511506676674
0.016034016385674477
0.014021956361830235
0.010360288433730602
0.007551885209977627
0.00840484257787466
0.008764591068029404
0.01211717538535595
0.022536741569638252
0.019831210374832153
0.012664856389164925
0.01611376740038395
0.016713649034500122
0.010540562681853771
0.01389306504279375
0.0109700383618474
0.012264324352145195
0.007053984794765711
0.012046624906361103
0.014294629916548729
0.010323389433324337
0.01608186960220337
0.02341618947684765
0.012708047404885292
0.011295442469418049
0.012345891445875168
0.013741052709519863
0.010116485878825188
0.01045152172446251
0.009642308577895164
0.011410767212510109
0.008400863036513329
0.00707764457911253
0.011108375154435635
0.010586160235106945
0.00774127384647727
0.010999406687915325
0.01009236741811037
0.010717651806771755
0.010954141616821289
0.012829780578613281
0.01767466962337494
0.03173939511179924
0.031125757843255997
0.058046333491802216
0.04592008516192436
0.041441068053245544
0.014160823076963425
0.006867533549666405
0.00569139514118433
0.010832932777702808
0.009965397417545319
0.0065636965446174145
0.008508730679750443
0.009147508069872856
0.015903152525424957
0.011502156965434551
0.014375957660377026
0.011667836457490921
0.009165081195533276
0.01587110012769699
0.013747056014835835
0.01019084732979536
0.007351548410952091
0.008295885287225246
0.008764341473579407
0.01185951754450798
0.021836232393980026
0.019753605127334595
0.012695200741291046
0.015612422488629818
0.016596945002675056
0.010346924886107445
0.013856040313839912
0.010836436413228512
0.011867275461554527
0.006967321038246155
0.011774936690926552
0.01370198279619217
0.010183893144130707
0.015793250873684883
0.023172862827777863
0.012412874028086662
0.011242576874792576
0.012148368172347546
0.013522505760192871
0.010095333680510521
0.010310652665793896
0.009525209665298462
0.011455627158284187
0.008406613022089005
0.006997593678534031
0.011055685579776764
0.010540906339883804
0.007671014405786991
0.01085569616407156
0.009870320558547974
0.010516708716750145
0.010756482370197773
0.012806322425603867
0.017488209530711174
0.03171064332127571
0.03134243190288544
0.057242490351200104
0.04503858461976051
0.040650367736816406
0.01359658781439066
0.006849664729088545
0.005667265970259905
0.010695716366171837
0.009836388751864433
0.006516181398183107
0.008524097502231598
0.009197559207677841
0.015905652195215225
0.011466109193861485
0.014224883168935776
0.011505194008350372
0.009035827592015266
0.015614400617778301
0.013603930361568928
0.010032624937593937
0.007228711619973183
0.008351803757250309
0.008676355704665184
0.011754323728382587
0.02139570191502571
0.019585020840168
0.012380838394165039
0.015430276282131672
0.01651516556739807
0.01023650262504816
0.013745089992880821
0.010734902694821358
0.011352287605404854
0.006756621412932873
0.011766800656914711
0.013830834068357944
0.010054237209260464
0.015697292983531952
0.022838402539491653
0.01197069138288498
0.0108431251719594
0.012014731764793396
0.013383053243160248
0.010099910199642181
0.01018596813082695
0.009504307061433792
0.011332409456372261
0.008350959047675133
0.006993330083787441
0.011040735989809036
0.01049854513257742
0.007628902792930603
0.010777873918414116
0.009669388644397259
0.010357674211263657
0.01050580944865942
0.012637093663215637
0.017239879816770554
0.03166373819112778
0.03118489868938923
0.055712372064590454
0.04487553983926773
0.040042124688625336
0.013112016022205353
0.006739143282175064
0.005674030166119337
0.01055564172565937
0.009737900458276272
0.006474158260971308
0.008549174293875694
0.009245180524885654
0.015767157077789307
0.01134785357862711
0.014151624403893948
0.011400192975997925
0.008959515020251274
0.015491344034671783
0.01333797536790371
0.009981254115700722
0.0072228796780109406
0.008094968274235725
0.008634116500616074
0.011857442557811737
0.021006587892770767
0.019291264936327934
0.01214972510933876
0.015373310074210167
0.01636122725903988
0.010120082646608353
0.01368884090334177
0.010734417475759983
0.011173589155077934
0.006789518520236015
0.011308625340461731
0.012884941883385181
0.009736920706927776
0.015250405296683311
0.02280728705227375
0.011544440872967243
0.01052258349955082
0.011826849542558193
0.013162130489945412
0.010131090879440308
0.010022229515016079
0.009369993582367897
0.011398425325751305
0.008372124284505844
0.006970633286982775
0.010949160903692245
0.01042097620666027
0.007518481928855181
0.010659197345376015
0.00957125797867775
0.010305788367986679
0.010470222681760788
0.012637500651180744
0.01719452440738678
0.03155717998743057
0.03123181313276291
0.05486941710114479
0.04470498859882355
0.03974686563014984
0.012669993564486504
0.0066882530227303505
0.005626307800412178
0.010413077659904957
0.009649028070271015
0.006446151062846184
0.008547695353627205
0.009242062456905842
0.015712184831500053
0.011308321729302406
0.014026949182152748
0.01132962480187416
0.008923923596739769
0.015372063033282757
0.013280639424920082
0.009791108779609203
0.0070618255995213985
0.008507199585437775
0.008566103875637054
0.011662515811622143
0.020677372813224792
0.018924109637737274
0.012001211754977703
0.015370671637356281
0.0162280835211277
0.010038614273071289
0.013619638979434967
0.010515686124563217
0.010880529880523682
0.006733531132340431
0.011119695380330086
0.012543972581624985
0.009534557349979877
0.014896653592586517
0.02273034118115902
0.011311747133731842
0.010367650538682938
0.011646676808595657
0.012979165650904179
0.010051782242953777
0.009888773784041405
0.00926670990884304
0.011460009962320328
0.008336742408573627
0.006815122440457344
0.010820135474205017
0.01032078918069601
0.007415936328470707
0.010515904054045677
0.009382493793964386
0.01011354848742485
0.010391267947852612
0.012552051804959774
0.017063498497009277
0.03151264414191246
0.03083759732544422
0.05207112058997154
0.044322576373815536
0.038659583777189255
0.011983226053416729
0.006557745393365622
0.005637352354824543
0.010262291878461838
0.009585860185325146
0.006386042572557926
0.008517962880432606
0.009259495884180069
0.015634816139936447
0.011248385533690453
0.01377180777490139
0.01125097181648016
0.00882816780358553
0.015230687335133553
0.013154225423932076
0.009761134162545204
0.0069228652864694595
0.008370431140065193
0.008578279055655003
0.011428819969296455
0.02053256332874298
0.01903638243675232
0.011747609823942184
0.01505198236554861
0.01614386774599552
0.009964602999389172
0.013541958294808865
0.010424017906188965
0.010389097966253757
0.0066306875087320805
0.010821403004229069
0.012227041646838188
0.009294635616242886
0.014607073739171028
0.02266024984419346
0.011095050722360611
0.010402871295809746
0.011563971638679504
0.012868751771748066
0.009873011149466038
0.009653693996369839
0.009144003503024578
0.01148669607937336
0.00839895661920309
0.006725634448230267
0.010734986513853073
0.010304932482540607
0.007357047870755196
0.010459449142217636
0.009286053478717804
0.01005302183330059
0.010292742401361465
0.012435872107744217
0.01686675474047661
0.031401392072439194
0.031011993065476418
0.052761681377887726
0.0437171496450901
0.03816903755068779
0.011895152740180492
0.0065557765774428844
0.005643135868012905
0.010286194272339344
0.009537497535347939
0.006355076562613249
0.008490330539643764
0.009198172017931938
0.015478450804948807
0.011149660684168339
0.013736175373196602
0.011193465441465378
0.008781475014984608
0.0150519460439682
0.01308454666286707
0.009663810953497887
0.006863982882350683
0.008303770795464516
0.008507836610078812
0.011151846498250961
0.020046411082148552
0.018770458176732063
0.011431311257183552
0.014924593269824982
0.016211876645684242
0.009960796684026718
0.013459449633955956
0.010413741692900658
0.010223723948001862
0.006584763526916504
0.01060827262699604
0.011874200776219368
0.009143294766545296
0.01432068832218647
0.02225719578564167
0.01082532200962305
0.010126873850822449
0.01137677300721407
0.012751537375152111
0.009930060245096684
0.009505851194262505
0.00906666461378336
0.011378174647688866
0.008373172953724861
0.006695896852761507
0.010750881396234035
0.010224767029285431
0.007279716432094574
0.010374775156378746
0.00914895348250866
0.009923870675265789
0.010207749903202057
0.01227659173309803
0.0165100134909153
0.031162140890955925
0.030340425670146942
0.051444362848997116
0.04369354993104935
0.03737751767039299
0.011525820940732956
0.006428834982216358
0.005590192973613739
0.010126325301826
0.009466415271162987
0.0063228122889995575
0.0084654800593853
0.009221348911523819
0.015399747528135777
0.011118639260530472
0.013665314763784409
0.011111224070191383
0.008654294535517693
0.014873610809445381
0.01295887865126133
0.009649248793721199
0.006836553569883108
0.008284161798655987
0.008451291359961033
0.011083870194852352
0.01986175775527954
0.018339110538363457
0.011166233569383621
0.014714434742927551
0.016130775213241577
0.009846162050962448
0.013452570885419846
0.010349234566092491
0.009802295826375484
0.006529728416353464
0.010453745722770691
0.011594888754189014
0.009071996435523033
0.014095928519964218
0.02170359157025814
0.010645166039466858
0.009974309243261814
0.011266747489571571
0.012630346231162548
0.009767496958374977
0.009303761646151543
0.008906899020075798
0.011389702558517456
0.008332788944244385
0.006645195186138153
0.010672880336642265
0.010198491625487804
0.007236249279230833
0.010330213233828545
0.009114822372794151
0.009832952171564102
0.010278956964612007
0.01245807483792305
0.016596145927906036
0.03098559007048607
0.03016979619860649
0.051191817969083786
0.04377567023038864
0.03732095658779144
0.01119950320571661
0.006411537528038025
0.005565431900322437
0.01015594881027937
0.009465345181524754
0.006323825102299452
0.008485035039484501
0.009121224284172058
0.015250992961227894
0.01110500656068325
0.01364346407353878
0.011045675724744797
0.008615595288574696
0.014629357494413853
0.012761484831571579
0.009729240089654922
0.006964464206248522
0.008250126615166664
0.008340917527675629
0.010937009938061237
0.019370879977941513
0.01785914972424507
0.010752713307738304
0.014395400881767273
0.015986425802111626
0.00986864510923624
0.013247223570942879
0.010209985077381134
0.00964038074016571
0.006454525515437126
0.010252191685140133
0.01125227753072977
0.00903532188385725
0.013926662504673004
0.02130929008126259
0.010452408343553543
0.009908093139529228
0.011152015998959541
0.012483675964176655
0.00978152547031641
0.009223995730280876
0.008850526995956898
0.0113374600186944
0.00827755406498909
0.006629789713770151
0.01067112572491169
0.010123256593942642
0.007178860250860453
0.010194751434028149
0.008989248424768448
0.009660238400101662
0.010222065262496471
0.012419449165463448
0.016383128240704536
0.030726725235581398
0.029688019305467606
0.049337565898895264
0.04217175394296646
0.040102265775203705
