989.0529174804688
550.861328125
278.9168395996094
238.61314392089844
90.28482818603516
-276.6918029785156
-137.3905487060547
-112.51612854003906
-225.8011016845703
-44.92533493041992
-251.0302734375
-250.2992706298828
-352.6212463378906
-337.5431823730469
-478.67291259765625
-430.8243103027344
-320.245849609375
-335.40875244140625
41.91251754760742
-343.1496887207031
-470.3773498535156
-398.335205078125
-421.4414978027344
-502.7167053222656
-727.1508178710938
-484.0260314941406
-356.9714660644531
-376.57415771484375
-472.9200134277344
-427.4029846191406
-630.1238403320312
-762.3836059570312
-412.0943298339844
-342.3435974121094
-468.0340270996094
-179.5002899169922
-100.50475311279297
-195.19200134277344
-408.9678649902344
-602.0382690429688
-595.705078125
-435.5299987792969
-422.5838928222656
-523.5369873046875
-289.0687561035156
-571.14697265625
-346.0345153808594
-466.4349060058594
-726.8545532226562
-801.5620727539062
-560.6593627929688
-610.58837890625
-682.7393188476562
-596.8795776367188
-576.4470825195312
-667.017822265625
-245.3744659423828
-152.7283477783203
-653.6056518554688
-640.8950805664062
-575.9765014648438
-464.5763244628906
-601.9662475585938
-526.6600952148438
-618.1029052734375
-577.8258666992188
-553.0844116210938
-607.6702270507812
-751.115234375
-489.12432861328125
-534.7006225585938
-544.5258178710938
-502.49658203125
-414.55767822265625
-624.8526000976562
-487.931640625
-111.2645034790039
-582.7040405273438
-361.598388671875
-385.9486389160156
-410.7378845214844
-241.6479034423828
-520.0949096679688
-613.8239135742188
-687.883544921875
-615.70458984375
-572.6197509765625
-508.43121337890625
-546.8598022460938
-546.4932250976562
-504.98291015625
-353.9339599609375
-480.7166442871094
-59.271270751953125
-411.393798828125
-541.6096801757812
-496.7919921875
-623.4732055664062
-619.5014038085938
-314.6881408691406
-275.75274658203125
-401.1144714355469
-475.1822204589844
-442.38623046875
-318.125732421875
-139.27481079101562
-355.9946594238281
-393.30999755859375
-530.5092163085938
-321.3567810058594
-345.0957946777344
-86.46989440917969
40.13132858276367
-22.965301513671875
-251.03335571289062
-34.216732025146484
-330.41387939453125
-306.2903747558594
-657.6892700195312
-136.0785675048828
-178.37789916992188
56.6652717590332
-150.77386474609375
-252.9038543701172
-400.98443603515625
-334.2972717285156
-271.9486999511719
-298.5263977050781
-351.80865478515625
-63.718421936035156
-373.6529235839844
-322.76910400390625
17.484403610229492
-347.6393737792969
-504.36871337890625
-241.70388793945312
-322.6871337890625
-381.60382080078125
-309.78778076171875
-488.2524108886719
-474.9444885253906
-427.6662292480469
-390.8263854980469
-301.32891845703125
-402.8807373046875
-157.27999877929688
-236.6655731201172
-418.2150573730469
-460.0114440917969
-209.94175720214844
-278.51519775390625
-208.128173828125
-361.94525146484375
-339.5144958496094
-414.79815673828125
-369.7054138183594
-408.7363586425781
-322.7718200683594
-283.1117858886719
-359.4925231933594
-365.4903259277344
-327.5902099609375
-230.2834930419922
-247.327880859375
-331.9771423339844
-248.8821258544922
-36.67831039428711
-251.08396911621094
-200.7198944091797
-152.65769958496094
-311.3175354003906
-351.0685729980469
-5.047671318054199
-263.5581970214844
-245.25096130371094
-271.7238464355469
16.831817626953125
-54.98006820678711
-113.79345703125
-206.6266326904297
-118.16853332519531
-116.7935791015625
-121.0309829711914
-161.4847412109375
-190.6529083251953
-35.09172439575195
-133.5718231201172
-172.81546020507812
-81.5273208618164
-145.9983367919922
-249.88882446289062
-152.5569305419922
-234.7439422607422
-142.9068603515625
-312.5419921875
-142.0082244873047
-121.18133544921875
-205.16050720214844
-178.7375030517578
-219.6372833251953
-249.57945251464844
40.39197540283203
-177.60882568359375
65.73925018310547
127.59376525878906
116.54176330566406
-64.27900695800781
162.8488006591797
7.128039836883545
-138.0688018798828
-134.5566864013672
-225.77505493164062
-95.3449935913086
-152.92803955078125
30.097379684448242
-53.7962646484375
-97.4239501953125
-60.51495361328125
-53.18120193481445
-89.27304077148438
13.947676658630371
-171.14157104492188
-101.30925750732422
-199.81333923339844
-121.496337890625
-243.9330596923828
-212.0182342529297
-243.79685974121094
-171.53643798828125
-136.4685516357422
-119.68867492675781
-181.16134643554688
-14.358799934387207
-143.55760192871094
-96.13545227050781
-82.33760070800781
34.486053466796875
21.572574615478516
-135.26583862304688
-154.94720458984375
-52.870574951171875
-130.27488708496094
-86.18143463134766
-130.30812072753906
-29.837865829467773
-243.5086669921875
-247.28538513183594
-240.1692657470703
-219.8041534423828
-58.84674072265625
-56.6245231628418
50.82033920288086
-64.33245086669922
-101.9703598022461
-89.9720230102539
-187.1243133544922
-127.3299789428711
-159.55770874023438
-171.6501922607422
-114.2040786743164
-202.44775390625
15.354870796203613
51.93511962890625
-19.312593460083008
-98.58263397216797
15.91715145111084
-58.42621994018555
-9.949007987976074
-72.35723114013672
-32.6241340637207
-7.623175144195557
-51.35676193237305
-87.7144546508789
-65.98929595947266
-107.52437591552734
-57.2452392578125
-83.7441177368164
-115.52436828613281
-93.79451751708984
-54.90530014038086
-123.0637435913086
-117.75372314453125
-161.29244995117188
-60.83008575439453
-69.0165023803711
-70.45316314697266
7.385622501373291
94.25411224365234
26.54068374633789
27.377283096313477
90.24797821044922
3.117865800857544
21.190811157226562
91.52617645263672
-0.6430996060371399
57.295166015625
-5.415943145751953
33.0883674621582
-77.08270263671875
-125.70891571044922
-150.96128845214844
-122.35660552978516
-110.76814270019531
-138.5711212158203
-104.11549377441406
-90.79015350341797
-49.41239929199219
-186.47544860839844
-111.14876556396484
-109.85399627685547
-50.31534957885742
-53.17232894897461
-188.92007446289062
-96.4018783569336
-153.2154998779297
-33.9407958984375
-45.13060760498047
-53.51141357421875
-91.68434143066406
-103.97740936279297
-49.25238037109375
-59.62714767456055
-53.584877014160156
-75.72027587890625
-106.3056869506836
-86.23295593261719
-148.08331298828125
-75.1241683959961
-90.739501953125
-138.0602264404297
-86.13410186767578
-114.34051513671875
-104.81755828857422
-114.89186096191406
-132.37217712402344
-148.95278930664062
-89.49248504638672
-198.07508850097656
-124.31490325927734
-176.4328155517578
-146.6992645263672
-197.72386169433594
-170.00149536132812
-110.81766510009766
-176.86270141601562
-121.52889251708984
-171.6119842529297
-112.4853744506836
-183.77447509765625
-140.864990234375
-115.7513427734375
-155.60154724121094
-147.67295837402344
-106.14815521240234
-206.33360290527344
-137.9297637939453
-133.7262725830078
-60.260841369628906
-130.39019775390625
-98.53962707519531
-132.52183532714844
-81.76905822753906
-143.003662109375
-133.2008514404297
-95.96973419189453
-166.56492614746094
-120.59917449951172
-108.9947738647461
-77.0520248413086
-62.85726547241211
-0.566265881061554
-143.9495086669922
-27.0618839263916
-166.765869140625
-110.77494049072266
-112.1424560546875
-162.2554168701172
-143.19970703125
-137.01390075683594
-172.5610809326172
-143.64280700683594
-110.45539855957031
-164.5214080810547
-95.48561096191406
-191.50621032714844
-144.8994598388672
-224.86558532714844
-106.46577453613281
-214.0912322998047
-108.8689193725586
-155.1945037841797
-157.1343536376953
-130.84068298339844
-285.3410339355469
-253.40994262695312
-211.0514373779297
-261.5859680175781
-206.93740844726562
-213.29800415039062
-267.01409912109375
-231.7924346923828
-260.1513366699219
-246.75674438476562
-236.6460723876953
-239.88943481445312
-263.1388244628906
-334.2690734863281
-273.52032470703125
-335.70172119140625
-261.0933532714844
-253.06289672851562
-404.6708679199219
-326.66351318359375
-379.6490478515625
-268.47625732421875
-306.69183349609375
-221.7115936279297
-295.97930908203125
-283.9075622558594
-264.22833251953125
-266.6683044433594
-367.62603759765625
-253.44351196289062
-289.7674255371094
-289.2357482910156
-299.18109130859375
-243.6449737548828
-336.1295471191406
-261.1568908691406
-403.38140869140625
-250.2779083251953
-372.93267822265625
-305.46417236328125
-345.37200927734375
-343.167236328125
-339.8641052246094
-301.065673828125
-267.181884765625
-270.0055847167969
-295.20001220703125
-261.70208740234375
-278.7651062011719
-252.5576629638672
-331.1968688964844
-289.0186462402344
-397.5463562011719
-252.7303924560547
-307.98858642578125
-367.5438232421875
-430.0916442871094
-273.05108642578125
-397.7245788574219
-310.8796081542969
-323.4832458496094
-284.3324890136719
-288.72918701171875
-319.9841003417969
-278.84326171875
-376.14691162109375
-283.70111083984375
-431.05230712890625
-325.4563903808594
-320.5057678222656
-282.71771240234375
-315.5730895996094
-283.2052917480469
-398.8009948730469
-249.7080841064453
-383.42584228515625
-305.8128662109375
-391.1717834472656
-363.6210632324219
-404.8012390136719
-292.163818359375
-326.98895263671875
-309.2132873535156
-320.932861328125
-319.18505859375
-381.3030700683594
-341.7760314941406
-382.05877685546875
-442.8363952636719
-420.1709899902344
-344.5325622558594
-390.27935791015625
-363.4562683105469
-388.3617858886719
-301.9330749511719
-362.74041748046875
-332.52410888671875
-332.4951171875
-244.9897918701172
-271.4443359375
-397.1871643066406
-366.0330810546875
-382.00262451171875
-327.1872253417969
-395.4615478515625
-402.7177429199219
-463.83526611328125
-439.49005126953125
-495.66656494140625
-470.7799377441406
-409.9283142089844
-394.2189636230469
-363.74755859375
-310.998046875
-393.3667907714844
-388.3838806152344
-388.6868591308594
-449.82598876953125
-293.6537170410156
-459.0890197753906
-325.6902770996094
-486.32666015625
-391.7588195800781
-398.6075134277344
-480.54864501953125
-504.69439697265625
-491.5953674316406
-491.0743103027344
-446.08526611328125
-434.3920593261719
-510.8836364746094
-500.0989685058594
-534.1989135742188
-472.5628967285156
-528.9916381835938
-551.7848510742188
-425.7979431152344
-532.9186401367188
-467.3808288574219
-676.4052124023438
-590.8324584960938
-628.746337890625
-568.9392700195312
-488.2669982910156
-509.6457214355469
-496.7489318847656
-542.6915893554688
-497.1372985839844
-536.7367553710938
-526.2561645507812
-545.1171264648438
-529.6246948242188
-647.9306030273438
-658.5020141601562
-532.1805419921875
-607.5509643554688
-589.3916015625
-563.95166015625
-569.41162109375
-648.93701171875
-528.0255737304688
-530.6229248046875
-499.1869201660156
-466.3612365722656
-559.4055786132812
-586.2645874023438
-548.5057983398438
-485.8392028808594
-583.5264892578125
-527.0712890625
-465.11651611328125
-437.8931579589844
-461.01171875
-474.1536560058594
-533.8112182617188
-540.4872436523438
-557.15185546875
-469.7906799316406
-593.5453491210938
-549.7238159179688
-529.5361328125
-560.203369140625
-482.3114318847656
-459.278076171875
-451.8943786621094
-456.396484375
-524.8825073242188
-487.74835205078125
-590.5609130859375
-510.61773681640625
-538.8012084960938
-559.479248046875
-601.126953125
-624.10009765625
-636.0778198242188
-676.10009765625
-656.50146484375
-652.2559204101562
-588.0504760742188
-596.7523193359375
-550.426025390625
-563.9210205078125
-576.2477416992188
-593.7647705078125
-539.890625
-590.0880126953125
-683.6288452148438
-602.1889038085938
-647.2609252929688
-675.5978393554688
-523.2606811523438
-572.2047729492188
-588.6052856445312
-564.6962280273438
-486.5887756347656
-387.55908203125
-491.5950622558594
-438.1227722167969
-438.5226135253906
-454.5951843261719
-539.01708984375
-511.2419128417969
-619.4180908203125
-534.3379516601562
-527.4332275390625
-516.7860717773438
-504.51617431640625
-508.2619323730469
-497.93603515625
-464.3271484375
-482.9912109375
-533.4757690429688
-513.1867065429688
-521.4559326171875
-518.91015625
-526.248046875
-417.8758239746094
-474.416259765625
-482.7272644042969
-550.8908081054688
-496.7876892089844
-530.7608032226562
-501.7511901855469
-453.337646484375
-493.8461608886719
-473.4072265625
-544.2039184570312
-548.0697631835938
-460.9384765625
-523.2960815429688
-524.5235595703125
-506.4385681152344
-566.3676147460938
-554.5877075195312
-516.22900390625
-552.6135864257812
-502.22265625
-492.1025085449219
-583.6076049804688
-571.6759643554688
-530.3148803710938
-508.9376525878906
-511.7980651855469
-473.23883056640625
-489.4125061035156
-461.0704040527344
-459.0664978027344
-440.1375427246094
-515.7135620117188
-483.0174865722656
-486.999755859375
-504.5069274902344
-522.0811157226562
-565.9324951171875
-528.21875
-488.20050048828125
-532.263427734375
-551.2969360351562
-520.9987182617188
-443.4460144042969
-432.41143798828125
-539.5526123046875
-478.2746276855469
-471.9739685058594
-466.8254089355469
-523.9993286132812
-491.9710998535156
-523.2515258789062
-559.0865478515625
-560.0858154296875
-567.3812866210938
-542.2045288085938
-543.2424926757812
-539.4298095703125
-497.9212951660156
-528.9251098632812
-505.9113464355469
-563.2125854492188
-506.059814453125
-598.32568359375
-636.8123779296875
-605.0225830078125
-605.471923828125
-526.2057495117188
-543.4454956054688
-528.0204467773438
-558.7994995117188
