0.047421813011169434
0.04571227356791496
0.046594537794589996
0.048102691769599915
0.047216881066560745
0.046145934611558914
0.0470450185239315
0.0465799905359745
0.04706534743309021
0.04643143713474274
0.04604236036539078
0.04941551014780998
0.04736251384019852
0.04537137225270271
0.046742573380470276
0.047132182866334915
0.047387607395648956
0.04513043165206909
0.046908169984817505
0.04647756367921829
0.046402908861637115
0.04791336879134178
0.047179900109767914
0.04550917446613312
0.04684552550315857
0.04642839357256889
0.045859333127737045
0.049314238131046295
0.046788256615400314
0.046452596783638
0.04649706557393074
0.04727717489004135
0.046815816313028336
0.04632893204689026
0.04632402956485748
0.04780017212033272
0.04598180204629898
0.0488344207406044
0.04713873937726021
0.045389771461486816
0.04620268940925598
0.04820314049720764
0.04600439593195915
0.04881872609257698
0.04706520587205887
0.04562908783555031
0.04566376283764839
0.04985075443983078
0.04621583968400955
0.04820961132645607
0.04691324010491371
0.046098608523607254
0.04735478386282921
0.044781818985939026
0.04751167818903923
0.04432414844632149
0.04596594348549843
0.04896818846464157
0.04740191623568535
0.04465428739786148
0.046863947063684464
0.046268951147794724
0.04676109179854393
0.046575214713811874
0.04649549722671509
0.0473700650036335
0.04654158651828766
0.047254763543605804
0.046384792774915695
0.04772245138883591
0.04598763585090637
0.048916492611169815
0.046766526997089386
0.046585336327552795
0.04709341377019882
0.045594748109579086
0.04692224785685539
0.0461345836520195
0.04623403027653694
0.04818262532353401
0.04735599085688591
0.044821612536907196
0.047258410602808
0.04509921371936798
0.04603518173098564
0.048783376812934875
0.045862216502428055
0.04930390417575836
0.04708077758550644
0.045647185295820236
0.04613174870610237
0.04849861189723015
0.04714696481823921
0.04543501138687134
0.04702460393309593
0.04580451548099518
0.04595157131552696
0.04901599511504173
0.046868208795785904
0.04624886065721512
0.04714265838265419
0.04542943090200424
0.04610142856836319
0.0485692135989666
0.04733843356370926
0.04483948275446892
0.04648686572909355
0.04740184545516968
0.047033414244651794
0.04577307030558586
0.04704101011157036
0.04573996365070343
0.046256665140390396
0.04807805269956589
0.04779096692800522
0.04347972944378853
0.04676220193505287
0.04654727131128311
0.046691905707120895
0.04679500311613083
0.04724502190947533
0.04509915038943291
0.046352989971637726
0.04777894914150238
0.04687195643782616
0.046235959976911545
0.04572258144617081
0.04967237263917923
0.04726028069853783
0.045049767941236496
0.046926699578762054
0.04603768512606621
0.04659583047032356
0.04702512174844742
0.04551255330443382
0.05028286576271057
0.04677770659327507
0.04646599292755127
0.04703342169523239
0.04569677636027336
0.047120556235313416
0.04543105140328407
0.04587987810373306
0.0491427518427372
0.04712069779634476
0.045441385358572006
0.04713859409093857
0.04539015516638756
0.04739537090063095
0.044595714658498764
0.047763220965862274
0.04347708076238632
0.047196533530950546
0.04517260566353798
0.04740355163812637
0.04453902319073677
0.04617493972182274
0.048243846744298935
0.04703507572412491
0.04565797001123428
0.04675230011343956
0.04650050401687622
0.04666972532868385
0.04674800485372543
0.04737571254372597
0.044621605426073074
0.04576580226421356
0.049465276300907135
0.047118522226810455
0.0454157218337059
0.04706323519349098
0.045564960688352585
0.04738009348511696
0.04462434723973274
0.045838478952646255
0.049240075051784515
0.04692529886960983
0.04595706984400749
0.0471457876265049
0.04528982564806938
0.04623714089393616
0.048034798353910446
0.04695319011807442
0.04586693271994591
0.046834275126457214
0.04620181769132614
0.0460556335747242
0.048526499420404434
0.04609550163149834
0.048402853310108185
0.04691321775317192
0.04595289006829262
0.04666318744421005
0.04667343944311142
0.04727087542414665
0.04485517740249634
0.04596194624900818
0.04876774176955223
0.04657457768917084
0.046950388699769974
0.04633987694978714
0.04764699190855026
0.04687197133898735
0.04603992775082588
0.046141237020492554
0.04820593073964119
0.045823417603969574
0.049174029380083084
0.04672539234161377
0.046451468020677567
0.04579827934503555
0.04922180250287056
0.04626855626702309
0.04780269414186478
0.04569894075393677
0.049511250108480453
0.04724106937646866
0.04489091783761978
0.04734432324767113
0.04458124563097954
0.045963387936353683
0.04871503636240959
0.047000136226415634
0.04558708518743515
0.046242229640483856
0.04786147177219391
0.04726192355155945
0.0448012501001358
0.04631169140338898
0.047628358006477356
0.046699605882167816
0.04648241028189659
0.046576108783483505
0.046838562935590744
0.046335648745298386
0.047542549669742584
0.045450225472450256
0.050197020173072815
0.046537503600120544
0.04694133624434471
0.04618612304329872
0.04800395667552948
0.046206746250391006
0.04794154688715935
0.04684676602482796
0.04598422721028328
0.046088866889476776
0.04827558249235153
0.04602432623505592
0.04847235977649689
0.04567122459411621
0.049522001296281815
0.04711803421378136
0.045181795954704285
0.04671073332428932
0.04641661047935486
0.0460648238658905
0.04833930358290672
0.04704997316002846
0.04538225382566452
0.046845693141222
0.04600433260202408
0.046389296650886536
0.04735668748617172
0.046432387083768845
0.047208428382873535
0.04663868993520737
0.04660329222679138
0.04649437218904495
0.04703956097364426
0.045623183250427246
0.0496571846306324
0.04643399640917778
0.0472097247838974
0.047221820801496506
0.04485322907567024
0.04580109193921089
0.049096863716840744
0.04654087498784065
0.04688217118382454
0.04670403152704239
0.0463850200176239
0.04616514965891838
0.04799683019518852
0.04640178754925728
0.0473044328391552
0.04682393744587898
0.046046096831560135
0.046128157526254654
0.04811139032244682
0.046800244599580765
0.046085845679044724
0.047015149146318436
0.045434463769197464
0.04707132652401924
0.04526543989777565
0.04599010571837425
0.048538584262132645
0.04681408032774925
0.046032022684812546
0.04662632197141647
0.046614836901426315
0.04643832892179489
0.047146301716566086
0.04663228243589401
0.04658115655183792
0.04586886987090111
0.0488755889236927
0.04739295318722725
0.044285837560892105
0.04609733074903488
0.04818228632211685
0.04703746363520622
0.04536294564604759
0.04575610160827637
0.04920703545212746
0.04671499878168106
0.046317461878061295
0.04614346846938133
0.04804693162441254
0.04659777507185936
0.046699583530426025
0.046885766088962555
0.04581471532583237
0.047439657151699066
0.04416863992810249
0.04741619527339935
0.04420320689678192
0.046228017657995224
0.04778718948364258
0.04667915403842926
0.046420592814683914
0.04669627174735069
0.046376343816518784
0.046692151576280594
0.04637604206800461
0.04653463885188103
0.04685453325510025
0.04653023183345795
0.04684834182262421
0.045488324016332626
0.049975037574768066
0.04725663363933563
0.04466484859585762
0.047029901295900345
0.04535149037837982
0.04615609347820282
0.047953613102436066
0.047314733266830444
0.04449651017785072
0.04585878923535347
0.04885018989443779
0.046363044530153275
0.047360386699438095
0.046736519783735275
0.04621163755655289
0.04731764271855354
0.044482890516519547
0.0468481108546257
0.045887090265750885
0.04687895253300667
0.04580526798963547
0.04639720544219017
0.04726295918226242
0.046810079365968704
0.046027541160583496
0.04729163274168968
0.0445408821105957
0.04630957916378975
0.04748132452368736
0.04603247717022896
0.04832756519317627
0.04678231477737427
0.04609379172325134
0.046322863548994064
0.047467589378356934
0.045743994414806366
0.049188870936632156
0.04580551013350487
0.049009133130311966
0.04664080590009689
0.04651421681046486
0.04713577777147293
0.04501849412918091
0.04651476442813873
0.04688211902976036
0.04643629491329193
0.047086700797080994
0.04579852893948555
0.04901813715696335
0.04704437777400017
0.04526430368423462
0.046216417104005814
0.047742459923028946
0.046100255101919174
0.04811066761612892
0.046670716255903244
0.04639716446399689
0.04609407112002373
0.04810866340994835
0.04631859436631203
0.04746634513139725
0.04714170843362808
0.04500734433531761
0.046538304537534714
0.04680730774998665
0.045593030750751495
0.04964606091380119
0.04738595709204674
0.04424430429935455
0.045896198600530624
0.04869411513209343
0.045825861394405365
0.048898614943027496
0.04744867980480194
0.04405458644032478
0.04727476090192795
0.044576071202754974
0.04553573951125145
0.04978971183300018
0.04674132168292999
0.04616747051477432
0.047457389533519745
0.04402732849121094
0.04683661460876465
0.04589689150452614
0.047254614531993866
0.04463323950767517
0.04687308892607689
0.04575079306960106
0.047337666153907776
0.044380560517311096
0.04684579744935036
0.045856062322854996
0.046724654734134674
0.04622190445661545
0.04605530574917793
0.04821747913956642
0.046591777354478836
0.04660287871956825
0.04635279253125191
0.0473298542201519
0.04683376103639603
0.045850545167922974
0.046305228024721146
0.04745987802743912
0.0471302829682827
0.044977929443120956
0.0458562858402729
0.04877456650137901
0.04671337828040123
0.04620766639709473
0.04719864949584007
0.044760722666978836
0.04670701548457146
0.0462486706674099
0.04574474319815636
0.04913198947906494
0.04632415622472763
0.04740968719124794
0.045712802559137344
0.04920574277639389
0.04537588357925415
0.050218433141708374
0.04674169793725014
0.04611619934439659
0.046041589230298996
0.04823760315775871
0.046691492199897766
0.04627987742424011
0.04618983343243599
0.04778352752327919
0.04635659232735634
0.04726806655526161
0.04723026603460312
0.04468171298503876
0.04684875160455704
0.045808371156454086
0.045857951045036316
0.04878336563706398
0.04595402628183365
0.04848317429423332
0.04668016731739044
0.04633449390530586
0.045672785490751266
0.049349989742040634
0.04673924297094345
0.04613156244158745
0.04668336361646652
0.046316519379615784
0.0473150908946991
0.044440846890211105
0.04705450311303139
0.04521575942635536
0.0460527129471302
0.04822443425655365
0.04684749245643616
0.045805707573890686
0.04738515987992287
0.04420958831906319
0.04615182802081108
0.04791608452796936
0.04660671576857567
0.04655493050813675
0.04537329822778702
0.05024300143122673
0.047032952308654785
0.045298971235752106
0.047028157860040665
0.0452982597053051
0.046847376972436905
0.04583083465695381
0.04764407128095627
0.043450407683849335
0.04666073992848396
0.046391576528549194
0.047385137528181076
0.04421479254961014
0.04640800505876541
0.04717276990413666
0.047154489904642105
0.044912148267030716
0.04703441634774208
0.04528450593352318
0.04591576009988785
0.04865023121237755
0.04647096246480942
0.04695889353752136
0.046217624098062515
0.04774050787091255
0.045897532254457474
0.048690181225538254
0.046116527169942856
0.04805002734065056
0.04591429606080055
0.04866151884198189
0.04695503041148186
0.045542873442173004
0.047708481550216675
0.043265584856271744
0.046737395226955414
0.04617201164364815
0.04630448296666145
0.0474410206079483
0.04562342166900635
0.04949497431516647
0.04709746688604355
0.045106180012226105
0.04685112088918686
0.045815348625183105
0.047013167291879654
0.04533993825316429
0.04566344618797302
0.04937460646033287
0.046721965074539185
0.04620528966188431
0.04672251269221306
0.04621285945177078
0.04690365493297577
0.04566764459013939
0.047235339879989624
0.04466332867741585
0.04656369984149933
0.04666425660252571
0.04659178480505943
0.04661652073264122
0.0466216504573822
0.0465257465839386
0.046261705458164215
0.04758916050195694
0.046449802815914154
0.04700815677642822
0.046311620622873306
0.04744870960712433
0.04670831933617592
0.04622048884630203
0.04695697873830795
0.04551535099744797
0.04682040959596634
0.045909199863672256
0.047066934406757355
0.04517844691872597
0.046724122017621994
0.04619472101330757
0.04561341553926468
0.04953437298536301
0.04682576656341553
0.04589761421084404
0.04692111909389496
0.045610565692186356
0.04717722162604332
0.04482115060091019
0.04627324268221855
0.04753851145505905
0.046663135290145874
0.04638709872961044
0.04675435274839401
0.04611432924866676
0.04672287404537201
0.04618942365050316
