0.10357203334569931
0.02384273149073124
0.01863572932779789
0.016181478276848793
0.014792106114327908
0.014071760699152946
0.013009839691221714
0.012263273820281029
0.011711609549820423
0.011262139305472374
0.010872947052121162
0.010482732206583023
0.010202130302786827
0.009879166260361671
0.009667015634477139
0.009374607354402542
0.009254452772438526
0.009180092252790928
0.00888211838901043
0.008771357126533985
0.008645071648061275
0.008462993428111076
0.00824933871626854
0.008197961375117302
0.008012564852833748
0.007709965575486422
0.007564698811620474
0.007490544579923153
0.0073617990128695965
0.007353900000452995
0.007446566130965948
0.008138798177242279
0.007747811730951071
0.007359502371400595
0.007058031391352415
0.006991108413785696
0.007111027371138334
0.0072375135496258736
0.006955299526453018
0.007081335876137018
0.006886573508381844
0.006875984370708466
0.006855748128145933
0.007203020621091127
0.0071814158000051975
0.0069313072599470615
0.006559060886502266
0.006639854051172733
0.006555648520588875
0.006474419962614775
0.006772627588361502
0.00647208746522665
0.006761557888239622
0.007056763395667076
0.007516717072576284
0.0077916826121509075
0.006979976315051317
0.006694295909255743
0.006685732863843441
0.006414732895791531
0.006644245702773333
0.006359353195875883
0.006253061816096306
0.006202540826052427
0.0061676520854234695
0.006316713523119688
0.0065878829918801785
0.006464278791099787
0.006093545351177454
0.006087156943976879
0.0062448750250041485
0.006266997195780277
0.006122772116214037
0.006128642708063126
0.006222235970199108
0.006074308417737484
0.006146613508462906
0.006259467918425798
0.005950006190687418
0.006020679138600826
0.006233218125998974
0.0059584202244877815
0.005903739482164383
0.006028026808053255
0.0059431311674416065
0.006013826932758093
0.005888671614229679
0.005829658359289169
0.005802522879093885
0.005817341152578592
0.005873973947018385
0.005958030000329018
0.005879598669707775
0.005744929891079664
0.0056760432198643684
0.005634689703583717
0.005654599983245134
0.005574313458055258
0.005647684913128614
0.005666505545377731
0.005598466377705336
0.0055734943598508835
0.005550328176468611
0.005876877345144749
0.0056101433001458645
0.005398406647145748
0.005397280678153038
0.005400475114583969
0.005503272172063589
0.005444642622023821
0.005462979897856712
0.00538130197674036
0.005419665016233921
0.005370580591261387
0.005458141211420298
0.005459809675812721
0.005370176862925291
0.0052924081683158875
0.00530913146212697
0.005318391602486372
0.005337610840797424
0.005432609468698502
0.005534635856747627
0.0055180699564516544
0.005378303583711386
0.005244172178208828
0.005214729346334934
0.005259362980723381
0.005273465067148209
0.005332496017217636
0.005377207417041063
0.005292623303830624
0.005142990034073591
0.005224824883043766
0.005179386120289564
0.005251449067145586
0.005189576651901007
0.0051908292807638645
0.005162512417882681
0.005179726984351873
0.005151334684342146
0.005231946241110563
0.005297855008393526
0.005264708772301674
0.0053886668756604195
0.005436812527477741
0.005198813509196043
0.005166884511709213
0.005209488794207573
0.005131992511451244
0.005098249297589064
0.005165716167539358
0.005172556731849909
0.005204763263463974
0.0050232671201229095
0.005041325930505991
0.005125099327415228
0.005055770743638277
0.005208473652601242
0.005319318734109402
0.005297479685395956
0.0050329044461250305
0.00500926747918129
0.0050669219344854355
0.005110325291752815
0.005207432433962822
0.005145744886249304
0.00531837809830904
0.00529073178768158
0.005358505062758923
0.005370659753680229
0.005187929607927799
0.005323447287082672
0.0051894411444664
0.005224702414125204
0.005101201124489307
0.005238099955022335
0.005344839300960302
0.005189157091081142
0.005185852758586407
0.005332262720912695
0.005213530268520117
0.0051107825711369514
0.005149396136403084
0.005265179555863142
0.005095408298075199
0.005144183989614248
0.00518063735216856
0.005244776140898466
0.005170099902898073
0.005126589443534613
0.00555498618632555
0.005195965990424156
0.005297831259667873
0.005436058156192303
0.005345228593796492
0.005382257048040628
0.0052827512845396996
0.005521586164832115
0.005439544562250376
0.0053189415484666824
0.005245792213827372
0.005420859437435865
0.005270610563457012
0.005301369354128838
0.005275238770991564
0.005292241461575031
0.004981439560651779
0.004923568107187748
0.004903126507997513
0.004900182597339153
0.004890010692179203
0.004866976756602526
0.004881393630057573
0.004837077111005783
0.004868178628385067
0.0049486360512673855
0.004897900857031345
0.00484890304505825
0.004960539750754833
0.004865830764174461
0.004981702659279108
0.0049470835365355015
0.004890122450888157
0.0049499268643558025
0.004876997321844101
0.0049123442731797695
0.004860838409513235
0.004772247280925512
0.004809798672795296
0.0049607655964791775
0.00483644288033247
0.0048020812682807446
0.004859586711972952
0.004982301499694586
0.004926585126668215
0.004908415488898754
0.005126997362822294
0.004930866416543722
0.0049833147786557674
0.0048268036916852
0.004963917192071676
0.00482884282246232
0.0049135517328977585
0.004837057087570429
0.004841413348913193
0.004786787088960409
0.004859688226133585
0.004914118442684412
0.004769207909703255
0.004779667593538761
0.0047728572972118855
0.00486111780628562
0.004774082917720079
0.004709337837994099
0.00468777772039175
0.004667685832828283
0.004655102267861366
0.0046502090990543365
0.004640560131520033
0.004652147646993399
0.004662476014345884
0.004691444803029299
0.004695163574069738
0.004781945608556271
0.00471267057582736
0.004687765147536993
0.004754250403493643
0.004888616967946291
0.0048413933254778385
0.004661377985030413
0.004709432367235422
0.004816111177206039
0.004706206731498241
0.004679202567785978
0.0046361577697098255
0.004659098573029041
0.00470521068200469
0.004719352349638939
0.004736056085675955
0.004771263804286718
0.004694302566349506
0.00462747598066926
0.004784064367413521
0.004741574637591839
0.004729298409074545
0.00483133876696229
0.004712516441941261
0.004679994657635689
0.004640841390937567
0.004696124233305454
0.004583690315485001
0.0045677837915718555
0.004597763996571302
0.00462427269667387
0.0046402402222156525
0.004753254819661379
0.004661028739064932
0.004621945787221193
0.004663629457354546
