0.04800239950418472
0.04674048721790314
0.04666893184185028
0.04623660817742348
0.037459637969732285
0.0358143076300621
0.02889927104115486
0.03373927250504494
0.023295918479561806
0.02083617076277733
0.01895665004849434
0.01824549213051796
0.016931403428316116
0.01843799650669098
0.016344953328371048
0.01682385243475437
0.01643645390868187
0.014642126858234406
0.015559624880552292
0.01625586859881878
0.016007177531719208
0.013559794053435326
0.015849199146032333
0.013968574814498425
0.015653612092137337
0.013749896548688412
0.01528134010732174
0.014030198566615582
0.014910946600139141
0.014333485625684261
0.015197550877928734
0.013665402308106422
0.014835797250270844
0.01404027920216322
0.014710983261466026
0.013942145742475986
0.016097860410809517
0.010214388370513916
0.013357633724808693
0.017062176018953323
0.013803553767502308
0.01495871227234602
0.013250804506242275
0.01781347766518593
0.013803428038954735
0.013897950761020184
0.014654639177024364
0.011084909550845623
0.012644941918551922
0.016873467713594437
0.013601499609649181
0.013464384712278843
0.013182259164750576
0.014268409460783005
0.014067631214857101
0.012015978805720806
0.01339724101126194
0.012897908687591553
0.012802124954760075
0.014795595780014992
0.013081644661724567
0.01312887854874134
0.012944409623742104
0.012913718819618225
0.01231659296900034
0.014277900569140911
0.012180016376078129
0.014523928053677082
0.012424807995557785
0.013570142909884453
0.012785786762833595
0.011746367439627647
0.012389052659273148
0.013009907677769661
0.012437090277671814
0.012514976784586906
0.01073197741061449
0.01662013679742813
0.013136866502463818
0.009058386087417603
0.011567064560949802
0.013270469382405281
0.011078099720180035
0.015203933231532574
0.011121630668640137
0.013555613346397877
0.012052521109580994
0.010526525788009167
0.010624448768794537
0.014232819899916649
0.012254555709660053
0.009493028745055199
0.011622961610555649
0.01042715460062027
0.010166758671402931
0.014260943047702312
0.010847512632608414
0.011457983404397964
0.01065063290297985
0.01143601443618536
0.01047827210277319
0.011615131050348282
0.010048022493720055
0.012326819822192192
0.009878503158688545
0.012226958759129047
0.010709173046052456
0.009175091050565243
0.009835753589868546
0.011220868676900864
0.01067647896707058
0.00877130776643753
0.009928264655172825
0.009758295491337776
0.009958706796169281
0.009036906994879246
0.009119204245507717
0.010665333829820156
0.009575922973453999
0.008757402189075947
0.009678298607468605
0.00858402531594038
0.00921175628900528
0.00878546666353941
0.008943266235291958
0.009191992692649364
0.008527061901986599
0.010516864247620106
0.009138738736510277
0.007779840845614672
0.009070650674402714
0.007589865475893021
0.008612784557044506
0.00838911160826683
0.00823561567813158
0.009106684476137161
0.008818908594548702
0.007250926457345486
0.008227376267313957
0.008386384695768356
0.008135025389492512
0.008268572390079498
0.008547259494662285
0.00676515931263566
0.007718419656157494
0.008956325240433216
0.008038874715566635
0.007594005670398474
0.008134102448821068
0.00705547071993351
0.007823647931218147
0.007929614745080471
0.007654356304556131
0.008080778643488884
0.0076208715327084064
0.007876741699874401
0.007737587206065655
0.007654743269085884
0.007531475741416216
0.007876068353652954
0.007990480400621891
0.00655625993385911
0.0074018146842718124
0.007905836217105389
0.007526525761932135
0.0073037161491811275
0.007687179837375879
0.006821037270128727
0.007472734432667494
0.007507394067943096
0.00727608148008585
0.008009728975594044
0.007578701712191105
0.0067663006484508514
0.007315375376492739
0.007315282244235277
0.007481415756046772
0.006710276007652283
0.007133030332624912
0.007673732005059719
0.007175011560320854
0.007598085328936577
0.007277838885784149
0.007182735484093428
0.007257564924657345
0.0070189922116696835
0.006951628252863884
0.007774682249873877
0.007331905886530876
0.006596008315682411
0.007477828301489353
0.006111132446676493
0.00739143043756485
0.006515652872622013
0.007108593359589577
0.007054154761135578
0.007169942371547222
0.0067872097715735435
0.006930391304194927
0.007380837108939886
0.00701423455029726
0.007164125330746174
0.006774244364351034
0.007715810555964708
0.007174169644713402
0.007191733457148075
0.006719594355672598
0.007890814915299416
0.006876037456095219
0.007646019104868174
0.007417470216751099
0.005908421706408262
0.007057814858853817
0.00664606224745512
0.006950157694518566
0.00683591328561306
0.006709276232868433
0.0075624254532158375
0.007144394796341658
0.006195052992552519
0.007000254467129707
0.0066310930997133255
0.006947437301278114
0.0067620850168168545
0.0067728981375694275
0.007050253450870514
0.007073129527270794
0.006392959505319595
0.006921650841832161
0.0065418388694524765
0.006824738811701536
0.006883539725095034
0.006743035279214382
0.0069405995309352875
0.0068521625362336636
0.006614107172936201
0.006831682287156582
0.0067200749181210995
0.006588086485862732
0.007288153748959303
0.006825996562838554
0.006769956089556217
0.006732748355716467
0.00679217791184783
0.006800645496696234
0.0065373871475458145
0.006568804383277893
0.007158472202718258
0.006833503022789955
0.006427809130400419
0.0069880178198218346
0.005939476657658815
0.006573747377842665
0.0070265838876366615
0.006735139060765505
0.0065244510769844055
0.00670695910230279
0.006679900921881199
0.006841603666543961
0.006204813718795776
0.006358106154948473
0.0076509928330779076
0.006804449483752251
0.006230724975466728
0.006490208674222231
0.007055541966110468
0.0065449015237390995
0.006809209939092398
0.006340768653899431
0.007446264382451773
0.006515473127365112
0.00708719901740551
0.00648233387619257
0.006905804853886366
0.006660855375230312
0.006352396681904793
0.006519148126244545
0.0067015825770795345
0.006557994522154331
0.006741146557033062
0.006230628117918968
0.007581555750221014
0.006506531499326229
0.006695613730698824
0.006575702223926783
0.0064336382783949375
0.006582194473594427
0.006524533033370972
0.006547391414642334
0.006491383071988821
0.006470188964158297
0.006571731995791197
0.0064772008918225765
0.006546863354742527
0.006229710299521685
0.007433142047375441
0.0062704021111130714
0.007210980635136366
0.006665360648185015
0.006112663075327873
0.006296820938587189
0.0069839367642998695
0.006537912879139185
0.006290672346949577
0.006226290483027697
0.00719739543274045
0.006500907242298126
0.0063186874613165855
0.006531137507408857
0.006434982642531395
0.006713573355227709
0.005768951494246721
0.006351638585329056
0.00685713067650795
0.006772166583687067
0.005767728202044964
0.006532639265060425
0.005994430277496576
0.006016687490046024
0.007592284586280584
0.006639931816607714
0.0057069044560194016
0.0064651379361748695
0.0064092762768268585
0.006178438663482666
0.007000260055065155
0.006255555897951126
0.006950514856725931
0.006589783821254969
0.005851197987794876
0.0062953513115644455
0.006602361798286438
0.006126656662672758
0.007071706000715494
0.006423460319638252
0.006107469089329243
0.00659788167104125
0.005627897102385759
0.006268595810979605
0.006770535837858915
0.006507132668048143
0.005942820105701685
0.0062208049930632114
0.0066527328453958035
0.006236034911125898
0.0067099095322191715
0.006286810617893934
0.006431313697248697
0.0063023860566318035
0.006431388668715954
0.006280482746660709
0.006403965409845114
0.006091635674238205
0.0069823237136006355
0.006623380817472935
0.005449818912893534
0.006144077051430941
0.006753413937985897
0.006457433570176363
0.005761628970503807
0.006314972881227732
0.006219405215233564
0.0061035300604999065
0.006700914818793535
0.006257419008761644
0.00629525538533926
0.00623974297195673
0.006379003636538982
0.0060189878568053246
0.007142836228013039
0.006187930703163147
0.006486003287136555
0.00629699882119894
0.006227436475455761
0.006190476473420858
0.006746440194547176
0.006009561475366354
0.006940631661564112
0.006299975328147411
0.005987368058413267
0.006293430924415588
0.006026124116033316
0.006052649114280939
0.006685065571218729
0.006032370030879974
0.006814221851527691
0.006089349742978811
0.00670872675254941
0.006211488973349333
0.006228096783161163
0.006086328998208046
0.006649991497397423
0.0063722990453243256
0.005665026139467955
0.006060551851987839
0.006721755489706993
0.006375403143465519
0.0057096476666629314
0.006202257703989744
0.0061077396385371685
0.005984180141240358
0.006750157102942467
0.006331570912152529
0.005681754555553198
0.006143181584775448
0.006256426218897104
0.006012685596942902
0.006756670773029327
0.006165244150906801
0.006442603189498186
0.005982008296996355
0.006861527916043997
0.006061257794499397
0.006395149044692516
0.00608290359377861
0.006300398614257574
0.005937219597399235
0.006907627452164888
0.005761925596743822
0.007274525240063667
0.006269107572734356
0.005704801995307207
0.0059034074656665325
0.006872609257698059
0.006105092354118824
0.006235335022211075
0.006072601303458214
0.006403376813977957
0.005846295040100813
0.00695469044148922
0.006343449000269175
0.005489635281264782
0.006113225594162941
0.00609719380736351
0.005841256119310856
0.006905411835759878
0.0059170047752559185
0.006685618776828051
0.006361591629683971
0.005380215123295784
0.005995141342282295
0.006707815919071436
0.0062832157127559185
0.005572172813117504
0.006164256017655134
0.00599255133420229
0.005998600274324417
0.006550496444106102
0.006135961040854454
0.005969396326690912
0.006147093139588833
0.005950658116489649
0.005989729426801205
0.006461305543780327
0.006069626659154892
0.006161902099847794
0.00609126640483737
0.006269774865359068
0.0061492049135267735
0.005814846139401197
0.006013556849211454
0.006234765984117985
0.005938158370554447
0.006376700475811958
0.00597776984795928
0.0063029262237250805
0.006111818365752697
0.005924421828240156
0.00605323351919651
0.006045721471309662
0.005761777516454458
0.006879553198814392
0.006123257335275412
0.006009481847286224
0.005959970410913229
0.006253925152122974
0.00614121463149786
0.005729743745177984
0.006289416458457708
0.005253802053630352
0.005674805026501417
0.007156097795814276
0.0062875631265342236
0.005289035849273205
0.005984450224786997
0.006159448530524969
0.00625335518270731
0.005363939329981804
0.006266201380640268
0.005380082875490189
0.006071518640965223
0.005892028566449881
0.006254781037569046
0.005309763364493847
0.006125135812908411
0.0059034014120697975
0.006182795390486717
0.00557201262563467
0.006096151657402515
0.005748133175075054
0.006234579253941774
0.005441996268928051
0.005845424719154835
0.0065647633746266365
0.0060036275535821915
0.006062859669327736
0.0057669226080179214
0.006656185258179903
0.005824700463563204
0.006452577654272318
0.006086411420255899
0.005779010243713856
0.005771337077021599
0.006699219811707735
0.0058603608049452305
0.006482285913079977
0.005965047981590033
0.0061721764504909515
0.006159350275993347
0.005459541454911232
0.006040958687663078
0.005950480233877897
0.005751967430114746
0.006660165265202522
0.006223876029253006
0.005262607708573341
0.0061712502501904964
0.005420647095888853
0.005991779733449221
0.0061322832480072975
0.005922576878219843
0.006235483568161726
0.005998469889163971
0.00593247264623642
0.006015359424054623
0.006031045690178871
0.005936154164373875
0.006106620188802481
0.005779254715889692
0.006672648247331381
0.006062592379748821
0.005865450017154217
0.005903163924813271
0.00608418881893158
0.005825654603540897
0.0063898744992911816
0.005906456150114536
0.006145863328129053
0.005810764152556658
0.006372931879013777
0.005867792759090662
0.006167750805616379
0.005998632870614529
0.005735736805945635
0.006259286310523748
0.0054769921116530895
0.005754183512181044
0.006499012000858784
0.005895328242331743
0.006123132072389126
0.00599669711664319
0.005729584954679012
0.005916875787079334
0.006095322780311108
0.005658440757542849
0.006824140902608633
0.005911323707550764
0.006095471791923046
0.005704076960682869
0.0065812114626169205
0.006027006544172764
0.005688891746103764
0.005952192470431328
0.005963602568954229
0.006145475897938013
0.0053330594673752785
0.005812990479171276
0.006226059049367905
0.006148621439933777
0.005275203846395016
0.006080705672502518
0.005492701195180416
0.005942805670201778
0.006411905866116285
0.005894309375435114
0.006070824805647135
0.005872759502381086
0.00604837154969573
0.005994454491883516
0.005713882390409708
0.006011190824210644
0.0056208414025604725
0.006126419175416231
0.005263744853436947
0.005949523765593767
0.005851886235177517
0.005847707390785217
0.00605323351919651
0.005704743787646294
0.00659571448341012
