0.02858414687216282
0.02832557074725628
0.016397124156355858
0.01576991192996502
0.014588871039450169
0.013249971903860569
0.013258588500320911
0.012037988752126694
0.011820320039987564
0.013420561328530312
0.010470789857208729
0.014420655556023121
0.010634810663759708
0.01168315764516592
0.011472264304757118
0.010122567415237427
0.00943661481142044
0.014395161531865597
0.008996434509754181
0.013905639760196209
0.010677888989448547
0.009299258701503277
0.010259067639708519
0.012159932404756546
0.010110952891409397
0.009438572451472282
0.011100160889327526
0.007353194989264011
0.010625856928527355
0.009408840909600258
0.010521916672587395
0.008314372971653938
0.008941206149756908
0.015019373036921024
0.009938541799783707
0.011143768206238747
0.008567086420953274
0.014394881203770638
0.009672784246504307
0.010914921760559082
0.010087181814014912
0.009842879138886929
0.009767298586666584
0.009615296497941017
0.010898132808506489
0.006429447326809168
0.009551454335451126
0.010533476248383522
0.01052122376859188
0.007791433483362198
0.010693525895476341
0.007032495923340321
0.009533201344311237
0.01109431590884924
0.009648829698562622
0.010083477944135666
0.009870641864836216
0.008854413405060768
0.00938545074313879
0.011431091465055943
0.010011398233473301
0.009170157834887505
0.011218593455851078
0.006606608629226685
0.010096834041178226
0.00970666017383337
0.009328234940767288
0.010829848237335682
0.009556216187775135
0.010211434215307236
0.011715183034539223
0.009823950007557869
0.009718791581690311
0.008629265241324902
0.010177475400269032
0.007394797634333372
0.010721244849264622
0.009435211308300495
0.009028192609548569
0.010565245524048805
0.010176457464694977
0.008584211580455303
0.00929318554699421
0.010420444421470165
0.009885004721581936
0.008752518333494663
0.011122253723442554
0.006043809000402689
0.010618707165122032
0.006160948891192675
0.010139442048966885
0.00859700795263052
0.009877012111246586
0.009110339917242527
0.01089141983538866
0.006566265132278204
0.009330405853688717
0.00984984915703535
0.008547726087272167
0.012000889517366886
0.009907799772918224
0.007894818671047688
0.009162732400000095
0.011403453536331654
0.009095040149986744
0.009981165640056133
0.010801674798130989
0.00837444607168436
0.009316974319517612
0.010267982259392738
0.009402571246027946
0.009907782077789307
0.008596779778599739
0.012781694531440735
0.009709764271974564
0.008603845722973347
0.009538484737277031
0.011216700077056885
0.008355166763067245
0.0125906215980649
0.009637010283768177
0.008862550370395184
0.009961668401956558
0.008663713932037354
0.009819690138101578
0.008265172131359577
0.010476023890078068
0.006483669392764568
0.009550623595714569
0.00884848739951849
0.009084864519536495
0.0111964987590909
0.010114217177033424
0.006521930452436209
0.010033399797976017
0.008598017506301403
0.009642125107347965
0.00821988470852375
0.01142428070306778
0.009367662481963634
0.008440669625997543
0.013604100793600082
0.008791668340563774
0.010498655959963799
0.010474883951246738
0.0088166119530797
0.010288047604262829
0.006599588319659233
0.009480301290750504
0.01039367076009512
0.009343071840703487
0.010098660364747047
0.00937187671661377
0.010351349599659443
0.008291595615446568
0.012317354790866375
0.0093672601506114
0.009215815924108028
0.008262055926024914
0.012805643491446972
0.00883204210549593
0.010512619279325008
0.009863014332950115
0.00825219601392746
0.009254185482859612
0.009761572815477848
0.008351045660674572
0.013120438903570175
0.009634662419557571
0.0084865503013134
0.00991302914917469
0.009209368377923965
0.010274232365190983
0.006948763504624367
0.00906613189727068
0.010327858850359917
0.008184678852558136
0.014085574075579643
0.009128808043897152
0.011275914497673512
0.010074724443256855
0.006328948773443699
0.010198377072811127
0.006662536412477493
0.009760660119354725
0.007950842380523682
0.009852739050984383
0.00892890989780426
0.008925840258598328
0.010955054312944412
0.0105536337941885
0.006036369130015373
0.009674590080976486
0.008423194289207458
0.010354057885706425
0.008367675356566906
0.009050226770341396
0.009794903919100761
0.009345095604658127
0.01195781584829092
0.009291987866163254
0.009553948417305946
0.008892839774489403
0.00989188440144062
0.00855066254734993
0.012059131637215614
0.01024737861007452
0.008715794421732426
0.008494660258293152
0.011657675728201866
0.009213969111442566
0.010489199310541153
0.008928435854613781
0.010242863558232784
0.009082763455808163
0.010726045817136765
0.009682564996182919
0.008334956131875515
0.009793850593268871
0.008534145541489124
0.010476591065526009
0.005824103020131588
0.009279352612793446
0.010885071009397507
0.009829350747168064
0.0078086466528475285
0.009963175281882286
0.007146499585360289
0.009616375900804996
0.00784845557063818
0.009789496660232544
0.00818712916225195
0.010050440207123756
0.00739899929612875
0.00904955342411995
0.010950345546007156
0.010404259897768497
0.007721689064055681
0.009991217404603958
0.008204974234104156
0.009536714293062687
0.008715488016605377
0.010077650658786297
0.008167678490281105
0.009136032313108444
0.01026066578924656
0.00967821292579174
0.010178816504776478
0.008523157797753811
0.012692572548985481
0.00919558759778738
0.010408004745841026
0.00950345303863287
0.008123182691633701
0.010060382075607777
0.007322558667510748
0.00943740550428629
0.011004696600139141
0.009822177700698376
0.007596833631396294
0.010483850724995136
0.006880002096295357
0.009569239802658558
0.008490202017128468
0.008914966136217117
0.009916146285831928
0.009709752164781094
0.007471601944416761
0.009823136031627655
0.007841590791940689
0.007670339196920395
0.014706048183143139
0.00978553481400013
0.008273446932435036
0.010779968462884426
0.005917998496443033
0.008219950832426548
0.012384671717882156
0.010463261976838112
0.0062319692224264145
0.009863206185400486
0.009023877792060375
0.008088652044534683
0.012744439765810966
0.009267602115869522
0.009820876643061638
0.009035054594278336
0.009451338090002537
0.010105266235768795
0.00635336060076952
0.009303322993218899
0.009083058685064316
0.010113181546330452
0.009423520416021347
0.009642723947763443
0.009367985650897026
0.010336932726204395
0.006067254114896059
0.00965109933167696
0.008102593943476677
0.009562828578054905
0.009033752605319023
0.009895194321870804
0.008082752116024494
0.00921788439154625
0.009762340225279331
0.009809436276555061
0.007445506751537323
0.010911558754742146
0.006919854320585728
0.009809319861233234
0.008405421860516071
0.008113997057080269
0.01300287339836359
0.010129192844033241
0.00830319058150053
0.0099286874756217
0.00781620480120182
0.009536592289805412
0.00821344181895256
0.009924979880452156
0.008331581950187683
0.00904393382370472
0.010073143057525158
0.009403211995959282
0.010019231587648392
0.00964391604065895
0.008487716317176819
0.008977675810456276
0.010226496495306492
0.009118874557316303
0.011634147725999355
0.009760408662259579
0.007646543439477682
0.00934603251516819
0.008791015483438969
0.008249141275882721
0.012685508467257023
0.009730804711580276
0.007753036450594664
0.010036534629762173
0.006598887499421835
0.010156804695725441
0.007945558987557888
0.009519373066723347
0.007952874526381493
0.008247070014476776
0.012158184312283993
0.010427513159811497
0.0058218855410814285
0.008901757188141346
0.01109357737004757
0.009703355841338634
0.008048126474022865
0.010043895803391933
0.007265749387443066
0.009072302840650082
0.01017822977155447
0.008607004769146442
0.011844044551253319
0.008493457920849323
0.012228662148118019
0.010400773957371712
0.0055489144288003445
0.008807788603007793
0.00991909671574831
0.008583064191043377
0.013287444598972797
0.00994483195245266
0.006823359522968531
0.009401963092386723
0.010716086253523827
0.008369838818907738
0.011792629957199097
0.008909374475479126
0.010655594058334827
0.009301274083554745
0.008464137092232704
0.009781336411833763
0.008506756275892258
0.009866088628768921
0.007857819087803364
0.010010218247771263
0.007262058090418577
0.010620875284075737
0.005831857677549124
0.008890403434634209
0.010375703684985638
0.009367220103740692
0.011229138821363449
0.00894739106297493
0.010120581835508347
0.008963567204773426
0.010872316546738148
0.009010864421725273
0.009620076045393944
0.008020242676138878
0.012365683913230896
0.00951492041349411
0.00883532501757145
0.008037612773478031
0.012435910291969776
0.00991443544626236
0.008858656510710716
0.008951285853981972
0.010329848155379295
0.008040674962103367
0.012424877844750881
0.009544547647237778
0.009273018687963486
0.00865508895367384
0.011020556092262268
0.00889871921390295
0.011303090490400791
0.010740199126303196
0.006255409214645624
0.00865462888032198
0.011165773496031761
0.01040572952479124
0.006649429444223642
0.00826377421617508
0.011890161782503128
0.008852132596075535
0.01139892265200615
0.008962945081293583
0.009643498808145523
0.008483349345624447
0.01154562458395958
0.00972859375178814
0.00850999541580677
0.009023341350257397
0.01193223800510168
0.009290903806686401
0.008726084604859352
0.009636198170483112
0.008574324660003185
0.00969489011913538
0.008708801120519638
0.009190553799271584
0.010207222774624825
0.009712575003504753
0.007879577577114105
0.009294555522501469
0.010972614400088787
0.008857009932398796
0.01011008769273758
0.010294700972735882
0.006469684652984142
0.008364562876522541
0.01226448081433773
0.00967603363096714
0.008518671616911888
0.009588319808244705
0.00923661794513464
0.00940722692757845
0.008955038152635098
0.010433298535645008
0.007478717714548111
0.009058165363967419
0.010785163380205631
0.009782234206795692
0.007752277422696352
0.008781041949987411
0.010317552834749222
0.010176860727369785
0.006741184275597334
0.009357347153127193
0.008093245327472687
0.009694678708910942
0.009518721140921116
0.008791446685791016
0.010152182541787624
0.009389943443238735
0.008273398503661156
0.007306430488824844
0.014500714838504791
0.008952265605330467
0.012011325918138027
0.009084213525056839
0.009298945777118206
0.009495544247329235
0.007402864284813404
0.009378151968121529
0.0075761182233691216
0.008188302628695965
0.01175515353679657
0.009203947149217129
0.007706384640187025
0.008423599414527416
0.008793951943516731
0.0083182817324996
0.008420389145612717
0.008703277446329594
0.007158592343330383
0.008630115538835526
0.007064931094646454
0.008430782705545425
0.007882475852966309
0.008082875050604343
0.009156978689134121
0.00834620464593172
0.008497732691466808
0.0074622309766709805
0.009818436577916145
0.007760026026517153
0.009802758693695068
0.008578971028327942
0.007009252440184355
0.008079901337623596
0.008610168471932411
0.009325090795755386
0.0075407205149531364
0.008503919467329979
0.0069166384637355804
0.008273044601082802
0.007465178146958351
0.008111597038805485
0.00826825387775898
0.008131057024002075
0.008037611842155457
0.008829135447740555
0.005944997072219849
0.008435511030256748
0.007090731989592314
0.007654030807316303
0.009387769736349583
0.007356445305049419
0.010256745852530003
0.008527269586920738
0.006882118061184883
0.0070647927932441235
0.01162911206483841
0.007146263029426336
0.010758832097053528
0.007794559001922607
0.008657708764076233
0.008066189475357533
0.0079656932502985
0.008969379588961601
0.005835913121700287
0.007630930747836828
0.008938982151448727
0.007494365330785513
0.009049287997186184
0.00745417783036828
0.009174803271889687
0.007324716541916132
0.010214472189545631
0.008281339891254902
0.007261074148118496
0.008107907138764858
0.00872249435633421
0.007755711209028959
0.008292682468891144
0.0078107332810759544
0.009212248027324677
0.007451372221112251
0.00944574922323227
0.008266640827059746
0.007328331470489502
0.006955352146178484
0.01071207970380783
0.007587953470647335
0.008615306578576565
0.008195430040359497
0.007263954263180494
0.008493381552398205
0.005808246321976185
0.008043456822633743
0.00707258703187108
0.008625416085124016
0.006005457602441311
0.007482744287699461
0.009080328978598118
0.007707265205681324
0.009421862661838531
0.007179797627031803
0.009619835764169693
0.008120054379105568
0.006860564462840557
0.007333118002861738
0.010360337793827057
0.006919629871845245
0.010502992197871208
0.00787321012467146
0.009699868969619274
0.007263168226927519
0.009933323599398136
0.008482752367854118
0.00546101713553071
0.008786204271018505
0.005701897665858269
0.008066552691161633
0.007404069881886244
0.007984405383467674
0.0075400155037641525
0.008317878469824791
0.006812233943492174
0.007287463638931513
0.00979508738964796
