0.08396829664707184
0.419253408908844
0.22914913296699524
0.1474313586950302
0.03177370876073837
0.0689103901386261
0.035702645778656006
0.033358462154865265
0.036394864320755005
0.04148983582854271
0.03482474759221077
0.03144402056932449
0.03171507269144058
0.03131933882832527
0.03673422336578369
0.030101042240858078
0.031185608357191086
0.024568166583776474
0.030237384140491486
0.02654784731566906
0.047960471361875534
0.03410886973142624
0.01881086453795433
0.017580974847078323
0.02470581606030464
0.0188424214720726
0.033361438661813736
0.025882592424750328
0.03262036293745041
0.032658860087394714
0.0280352421104908
0.020141178742051125
0.023215757682919502
0.018806686624884605
0.020930662751197815
0.026542767882347107
0.023610295727849007
0.020881235599517822
0.02772749960422516
0.03318154439330101
0.03461705520749092
0.04081963002681732
0.023454494774341583
0.018741069361567497
0.021852200850844383
0.027318811044096947
0.03728121891617775
0.03323417901992798
0.04248230904340744
0.031657762825489044
0.04539407417178154
0.027025548741221428
0.01959218643605709
0.043185483664274216
0.13243287801742554
0.12571190297603607
0.11911418288946152
0.12283584475517273
0.14070725440979004
0.02786046266555786
0.02534814551472664
0.024441365152597427
0.03187817335128784
0.032169342041015625
0.028148677200078964
0.030972734093666077
0.03170313686132431
0.034206047654151917
0.03933097422122955
0.03338867053389549
0.02947201579809189
0.029720813035964966
0.02929135411977768
0.034401703625917435
0.02817177213728428
0.029132623225450516
0.023104967549443245
0.028529321774840355
0.024944085627794266
0.04534527659416199
0.032719165086746216
0.018120696768164635
0.017540162429213524
0.02379937469959259
0.018198570236563683
0.03164736181497574
0.024909213185310364
0.03156513720750809
0.031564462929964066
0.02719263546168804
0.019535833969712257
0.02242034673690796
0.018524784594774246
0.020034626126289368
0.02551965042948723
0.022651415318250656
0.020121365785598755
0.02660452201962471
0.03203854709863663
0.033455681055784225
0.0396743007004261
0.02272801660001278
0.018300656229257584
0.020546121522784233
0.026318131014704704
0.035672493278980255
0.031687021255493164
0.04070199653506279
0.030060352757573128
0.04355171322822571
0.025861818343400955
0.018644100055098534
0.040767017751932144
0.053925223648548126
0.09722284972667694
0.11018037796020508
0.10554711520671844
0.08645938336849213
0.025057852268218994
0.016458334401249886
0.020495958626270294
0.017830759286880493
0.01793413795530796
0.015598302707076073
0.01668703369796276
0.014873944222927094
0.024305153638124466
0.019252603873610497
0.01966773346066475
0.020874880254268646
0.01999693736433983
0.021950386464595795
0.024804070591926575
0.022507622838020325
0.022856200113892555
0.014346297830343246
0.017163677141070366
0.015495207160711288
0.02805432304739952
0.023601967841386795
0.015085790306329727
0.019487105309963226
0.019045714288949966
0.015408601611852646
0.02044118568301201
0.015523332171142101
0.01585025154054165
0.015312421135604382
0.01570870913565159
0.014715268276631832
0.012231286615133286
0.018849128857254982
0.013482337817549706
0.012385514564812183
0.012860359624028206
0.01464535016566515
0.015138331800699234
0.014585585333406925
0.01519824005663395
0.016839660704135895
0.015841135755181313
0.014498024247586727
0.010459374636411667
0.01452762633562088
0.01466524600982666
0.01244308240711689
0.017560167238116264
0.014415539801120758
0.019156496971845627
0.014445132575929165
0.015604380518198013
0.03314861282706261
0.1036212220788002
0.1011047214269638
0.10382865369319916
0.10703171789646149
0.10662278532981873
0.01673976704478264
0.011538376100361347
0.012754262425005436
0.014904824085533619
0.01486312784254551
0.012193022295832634
0.014249423518776894
0.01397347915917635
0.020633365958929062
0.020784610882401466
0.016328785568475723
0.015273476019501686
0.01518353819847107
0.016089696437120438
0.019925329834222794
0.015881936997175217
0.016669712960720062
0.014994504861533642
0.015677884221076965
0.01398702897131443
0.024963537231087685
0.022030415013432503
0.014496967196464539
0.019517265260219574
0.018367813900113106
0.014658967033028603
0.019040547311306
0.013856474310159683
0.01585025154054165
0.015312421135604382
0.01570870913565159
0.014715268276631832
0.012231286615133286
0.018849128857254982
0.013482337817549706
0.012385514564812183
0.012860359624028206
0.01464535016566515
0.015138331800699234
0.014585585333406925
0.01519824005663395
0.016839660704135895
0.015841135755181313
0.014498024247586727
0.010459374636411667
0.01452762633562088
0.01466524600982666
0.01244308240711689
0.017560167238116264
0.014415539801120758
0.019156496971845627
0.014445132575929165
0.015604380518198013
0.03314861282706261
0.1036212220788002
0.1011047214269638
0.10382865369319916
0.10703171789646149
0.10662278532981873
0.01673976704478264
0.011538376100361347
0.012754262425005436
0.014904824085533619
0.01486312784254551
0.012193022295832634
0.014249423518776894
0.01397347915917635
0.020633365958929062
0.020784610882401466
0.016328785568475723
0.015273476019501686
0.01518353819847107
0.016089696437120438
0.019925329834222794
0.015881936997175217
0.016669712960720062
0.014994504861533642
0.015677884221076965
0.01398702897131443
0.024963537231087685
0.022030415013432503
0.014496967196464539
0.019517265260219574
0.018367813900113106
0.014658967033028603
0.019040547311306
0.013856474310159683
0.01585025154054165
0.015312421135604382
0.01570870913565159
0.014715268276631832
0.012231286615133286
0.018849128857254982
0.013482337817549706
0.012385514564812183
0.012860359624028206
0.01464535016566515
0.015138331800699234
0.014585585333406925
0.01519824005663395
0.016839660704135895
0.015841135755181313
0.014498024247586727
0.010459374636411667
0.01452762633562088
0.01466524600982666
0.01244308240711689
0.017560167238116264
0.014415539801120758
0.019156496971845627
0.014445132575929165
0.015604380518198013
0.03314861282706261
0.1036212220788002
0.1011047214269638
0.10382865369319916
0.10703171789646149
0.10662278532981873
0.01673976704478264
0.011538376100361347
0.012754262425005436
0.014904824085533619
0.01486312784254551
0.012193022295832634
0.014249423518776894
0.01397347915917635
0.020633365958929062
0.020784610882401466
0.016328785568475723
0.015273476019501686
0.01518353819847107
0.016089696437120438
0.019925329834222794
0.015881936997175217
0.016669712960720062
0.014994504861533642
0.015677884221076965
0.01398702897131443
0.024963537231087685
0.022030415013432503
0.014496967196464539
0.019517265260219574
0.018367813900113106
0.014658967033028603
0.019040547311306
0.013856474310159683
0.01585025154054165
0.015312421135604382
0.01570870913565159
0.014715268276631832
0.012231286615133286
0.018849128857254982
0.013482337817549706
0.012385514564812183
0.012860359624028206
0.01464535016566515
0.015138331800699234
0.014585585333406925
0.01519824005663395
0.016839660704135895
0.015841135755181313
0.014498024247586727
0.010459374636411667
0.01452762633562088
0.01466524600982666
0.01244308240711689
0.017560167238116264
0.014415539801120758
0.019156496971845627
0.014445132575929165
0.015604380518198013
0.03314861282706261
0.1036212220788002
0.1011047214269638
0.10382865369319916
0.10703171789646149
0.10662278532981873
0.01673976704478264
0.011538376100361347
0.012754262425005436
0.014904824085533619
0.01486312784254551
0.012193022295832634
0.014249423518776894
0.01397347915917635
0.020633365958929062
0.020784610882401466
0.016328785568475723
0.015273476019501686
0.01518353819847107
0.016089696437120438
0.019925329834222794
0.015881936997175217
0.016669712960720062
0.014994504861533642
0.015677884221076965
0.01398702897131443
0.024963537231087685
0.022030415013432503
0.014496967196464539
0.019517265260219574
0.018367813900113106
0.014658967033028603
0.019040547311306
0.013856474310159683
0.01585025154054165
0.015312421135604382
0.01570870913565159
0.014715268276631832
0.012231286615133286
0.018849128857254982
0.013482337817549706
0.012385514564812183
0.012860359624028206
0.01464535016566515
0.015138331800699234
0.014585585333406925
0.01519824005663395
0.016839660704135895
0.015841135755181313
0.014498024247586727
0.010459374636411667
0.01452762633562088
0.01466524600982666
0.01244308240711689
0.017560167238116264
0.014415539801120758
0.019156496971845627
0.014445132575929165
0.015604380518198013
0.03314861282706261
0.1036212220788002
0.1011047214269638
0.10382865369319916
0.10703171789646149
0.10662278532981873
0.01673976704478264
0.011538376100361347
0.012754262425005436
0.014904824085533619
0.01486312784254551
0.012193022295832634
0.014249423518776894
0.01397347915917635
0.020633365958929062
0.020784610882401466
0.016328785568475723
0.015273476019501686
0.01518353819847107
0.016089696437120438
0.019925329834222794
0.015881936997175217
0.016669712960720062
0.014994504861533642
0.015677884221076965
0.01398702897131443
0.024963537231087685
0.022030415013432503
0.014496967196464539
0.019517265260219574
0.018367813900113106
0.014658967033028603
0.019040547311306
0.013856474310159683
0.01585025154054165
0.015312421135604382
0.01570870913565159
0.014715268276631832
0.012231286615133286
0.018849128857254982
0.013482337817549706
0.012385514564812183
0.012860359624028206
0.01464535016566515
0.015138331800699234
0.014585585333406925
0.01519824005663395
0.016839660704135895
0.015841135755181313
0.014498024247586727
0.010459374636411667
0.01452762633562088
0.01466524600982666
0.01244308240711689
0.017560167238116264
0.014415539801120758
0.019156496971845627
0.014445132575929165
0.015604380518198013
0.03314861282706261
0.1036212220788002
0.1011047214269638
0.10382865369319916
0.10703171789646149
0.10662278532981873
0.01673976704478264
0.011538376100361347
0.012754262425005436
0.014904824085533619
0.01486312784254551
0.012193022295832634
0.014249423518776894
0.01397347915917635
0.020633365958929062
0.020784610882401466
0.016328785568475723
0.015273476019501686
0.01518353819847107
0.016089696437120438
0.019925329834222794
0.015881936997175217
0.016669712960720062
0.014994504861533642
0.015677884221076965
0.01398702897131443
0.024963537231087685
0.022030415013432503
0.014496967196464539
0.019517265260219574
0.018367813900113106
0.014658967033028603
0.019040547311306
0.013856474310159683
0.01585025154054165
0.015312421135604382
0.01570870913565159
0.014715268276631832
0.012231286615133286
0.018849128857254982
0.013482337817549706
0.012385514564812183
0.012860359624028206
0.01464535016566515
0.015138331800699234
0.014585585333406925
0.01519824005663395
0.016839660704135895
0.015841135755181313
0.014498024247586727
0.010459374636411667
0.01452762633562088
0.01466524600982666
0.01244308240711689
0.017560167238116264
0.014415539801120758
0.019156496971845627
0.014445132575929165
0.015604380518198013
0.03314861282706261
0.1036212220788002
0.1011047214269638
0.10382865369319916
0.10703171789646149
0.10662278532981873
0.01673976704478264
0.011538376100361347
0.012754262425005436
0.014904824085533619
0.01486312784254551
0.012193022295832634
0.014249423518776894
0.01397347915917635
0.020633365958929062
0.020784610882401466
0.016328785568475723
0.015273476019501686
0.01518353819847107
0.016089696437120438
0.019925329834222794
0.015881936997175217
0.016669712960720062
0.014994504861533642
0.015677884221076965
0.01398702897131443
0.024963537231087685
0.022030415013432503
0.014496967196464539
0.019517265260219574
0.018367813900113106
0.014658967033028603
0.019040547311306
0.013856474310159683
0.01585025154054165
0.015312421135604382
0.01570870913565159
0.014715268276631832
0.012231286615133286
0.018849128857254982
0.013482337817549706
0.012385514564812183
0.012860359624028206
0.01464535016566515
0.015138331800699234
0.014585585333406925
0.01519824005663395
0.016839660704135895
0.015841135755181313
0.014498024247586727
0.010459374636411667
0.01452762633562088
0.01466524600982666
0.01244308240711689
0.017560167238116264
0.014415539801120758
0.019156496971845627
0.014445132575929165
0.015604380518198013
0.03314861282706261
0.1036212220788002
0.1011047214269638
0.10382865369319916
0.10703171789646149
0.10662278532981873
0.01673976704478264
0.011538376100361347
0.012754262425005436
0.014904824085533619
0.01486312784254551
0.012193022295832634
0.014249423518776894
0.01397347915917635
0.020633365958929062
0.020784610882401466
0.016328785568475723
0.015273476019501686
0.01518353819847107
0.016089696437120438
0.019925329834222794
0.015881936997175217
0.016669712960720062
0.014994504861533642
0.015677884221076965
0.01398702897131443
0.024963537231087685
0.022030415013432503
0.014496967196464539
0.019517265260219574
0.018367813900113106
0.014658967033028603
0.019040547311306
0.013856474310159683
0.01585025154054165
0.015312421135604382
0.01570870913565159
0.014715268276631832
0.012231286615133286
0.018849128857254982
0.013482337817549706
0.012385514564812183
0.012860359624028206
0.01464535016566515
0.015138331800699234
0.014585585333406925
0.01519824005663395
0.016839660704135895
0.015841135755181313
0.014498024247586727
0.010459374636411667
0.01452762633562088
0.01466524600982666
0.01244308240711689
0.017560167238116264
0.014415539801120758
0.019156496971845627
0.014445132575929165
0.015604380518198013
0.03314861282706261
0.1036212220788002
0.1011047214269638
0.10382865369319916
0.10703171789646149
0.10662278532981873
0.01673976704478264
0.011538376100361347
0.012754262425005436
0.014904824085533619
0.01486312784254551
0.012193022295832634
0.014249423518776894
0.01397347915917635
0.020633365958929062
0.020784610882401466
0.016328785568475723
0.015273476019501686
0.01518353819847107
0.016089696437120438
0.019925329834222794
0.015881936997175217
0.016669712960720062
0.014994504861533642
0.015677884221076965
0.01398702897131443
0.024963537231087685
0.022030415013432503
0.014496967196464539
0.019517265260219574
0.018367813900113106
0.014658967033028603
0.019040547311306
0.013856474310159683
0.01585025154054165
0.015312421135604382
0.01570870913565159
0.014715268276631832
0.012231286615133286
0.018849128857254982
0.013482337817549706
0.012385514564812183
0.012860359624028206
0.01464535016566515
0.015138331800699234
0.014585585333406925
0.01519824005663395
0.016839660704135895
0.015841135755181313
0.014498024247586727
0.010459374636411667
0.01452762633562088
0.01466524600982666
0.01244308240711689
0.017560167238116264
0.014415539801120758
0.019156496971845627
0.014445132575929165
0.015604380518198013
0.03314861282706261
0.1036212220788002
0.1011047214269638
0.10382865369319916
0.10703171789646149
0.10662278532981873
0.01673976704478264
0.011538376100361347
0.012754262425005436
0.014904824085533619
0.01486312784254551
0.012193022295832634
0.014249423518776894
0.01397347915917635
0.020633365958929062
0.020784610882401466
0.016328785568475723
0.015273476019501686
0.01518353819847107
0.016089696437120438
0.019925329834222794
0.015881936997175217
0.016669712960720062
0.014994504861533642
0.015677884221076965
0.01398702897131443
0.024963537231087685
0.022030415013432503
0.014496967196464539
0.019517265260219574
0.018367813900113106
0.014658967033028603
0.019040547311306
0.013856474310159683
0.01585025154054165
0.015312421135604382
0.01570870913565159
0.014715268276631832
0.012231286615133286
0.018849128857254982
0.013482337817549706
0.012385514564812183
0.012860359624028206
0.01464535016566515
0.015138331800699234
0.014585585333406925
0.01519824005663395
0.016839660704135895
0.015841135755181313
0.014498024247586727
0.010459374636411667
0.01452762633562088
0.01466524600982666
0.01244308240711689
0.017560167238116264
0.014415539801120758
0.019156496971845627
0.014445132575929165
0.015604380518198013
0.03314861282706261
0.1036212220788002
0.1011047214269638
0.10382865369319916
0.10703171789646149
0.10662278532981873
0.01673976704478264
0.011538376100361347
0.012754262425005436
0.014904824085533619
0.01486312784254551
0.012193022295832634
0.014249423518776894
0.01397347915917635
0.020633365958929062
0.020784610882401466
0.016328785568475723
0.015273476019501686
0.01518353819847107
0.016089696437120438
0.019925329834222794
0.015881936997175217
0.016669712960720062
0.014994504861533642
0.015677884221076965
0.01398702897131443
0.024963537231087685
0.022030415013432503
0.014496967196464539
0.019517265260219574
0.018367813900113106
0.014658967033028603
0.019040547311306
0.013856474310159683
0.01585025154054165
0.015312421135604382
0.01570870913565159
0.014715268276631832
0.012231286615133286
0.018849128857254982
0.013482337817549706
0.012385514564812183
0.012860359624028206
0.01464535016566515
0.015138331800699234
0.014585585333406925
0.01519824005663395
0.016839660704135895
0.015841135755181313
0.014498024247586727
0.010459374636411667
0.01452762633562088
0.01466524600982666
0.01244308240711689
0.017560167238116264
0.014415539801120758
0.019156496971845627
0.014445132575929165
0.015604380518198013
0.03314861282706261
0.1036212220788002
0.1011047214269638
0.10382865369319916
0.10703171789646149
0.10662278532981873
0.01673976704478264
0.011538376100361347
0.012754262425005436
0.014904824085533619
0.01486312784254551
0.012193022295832634
0.014249423518776894
0.01397347915917635
0.020633365958929062
0.020784610882401466
0.016328785568475723
0.015273476019501686
0.01518353819847107
0.016089696437120438
0.019925329834222794
0.015881936997175217
0.016669712960720062
0.014994504861533642
0.015677884221076965
0.01398702897131443
0.024963537231087685
0.022030415013432503
0.014496967196464539
0.019517265260219574
0.018367813900113106
0.014658967033028603
0.019040547311306
0.013856474310159683
0.01585025154054165
0.015312421135604382
0.01570870913565159
0.014715268276631832
0.012231286615133286
0.018849128857254982
0.013482337817549706
0.012385514564812183
0.012860359624028206
0.01464535016566515
0.015138331800699234
0.014585585333406925
0.01519824005663395
0.016839660704135895
0.015841135755181313
0.014498024247586727
0.010459374636411667
0.01452762633562088
0.01466524600982666
0.01244308240711689
0.017560167238116264
0.014415539801120758
0.019156496971845627
0.014445132575929165
0.015604380518198013
0.03314861282706261
0.1036212220788002
0.1011047214269638
0.10382865369319916
0.10703171789646149
0.10662278532981873
0.01673976704478264
0.011538376100361347
0.012754262425005436
0.014904824085533619
0.01486312784254551
0.012193022295832634
0.014249423518776894
0.01397347915917635
0.020633365958929062
0.020784610882401466
0.016328785568475723
0.015273476019501686
0.01518353819847107
0.016089696437120438
0.019925329834222794
0.015881936997175217
0.016669712960720062
0.014994504861533642
0.015677884221076965
0.01398702897131443
0.024963537231087685
0.022030415013432503
0.014496967196464539
0.019517265260219574
0.018367813900113106
0.014658967033028603
0.019040547311306
0.013856474310159683
0.01585025154054165
0.015312421135604382
0.01570870913565159
0.014715268276631832
0.012231286615133286
0.018849128857254982
0.013482337817549706
0.012385514564812183
0.012860359624028206
0.01464535016566515
0.015138331800699234
0.014585585333406925
0.01519824005663395
0.016839660704135895
0.015841135755181313
0.014498024247586727
0.010459374636411667
0.01452762633562088
0.01466524600982666
0.01244308240711689
0.017560167238116264
0.014415539801120758
0.019156496971845627
0.014445132575929165
0.015604380518198013
0.03314861282706261
0.1036212220788002
0.1011047214269638
0.10382865369319916
0.10703171789646149
0.10662278532981873
0.01673976704478264
0.011538376100361347
0.012754262425005436
0.014904824085533619
0.01486312784254551
0.012193022295832634
0.014249423518776894
0.01397347915917635
0.020633365958929062
0.020784610882401466
0.016328785568475723
0.015273476019501686
0.01518353819847107
0.016089696437120438
0.019925329834222794
0.015881936997175217
0.016669712960720062
0.014994504861533642
0.015677884221076965
0.01398702897131443
0.024963537231087685
0.022030415013432503
0.014496967196464539
0.019517265260219574
0.018367813900113106
0.014658967033028603
0.019040547311306
0.013856474310159683
0.01585025154054165
0.015312421135604382
0.01570870913565159
0.014715268276631832
0.012231286615133286
0.018849128857254982
0.013482337817549706
0.012385514564812183
0.012860359624028206
0.01464535016566515
0.015138331800699234
0.014585585333406925
0.01519824005663395
0.016839660704135895
0.015841135755181313
0.014498024247586727
0.010459374636411667
0.01452762633562088
0.01466524600982666
0.01244308240711689
0.017560167238116264
0.014415539801120758
0.019156496971845627
0.014445132575929165
0.015604380518198013
0.03314861282706261
0.1036212220788002
0.1011047214269638
0.10382865369319916
0.10703171789646149
0.10662278532981873
0.01673976704478264
0.011538376100361347
0.012754262425005436
0.014904824085533619
0.01486312784254551
0.012193022295832634
0.014249423518776894
0.01397347915917635
0.020633365958929062
0.020784610882401466
0.016328785568475723
0.015273476019501686
0.01518353819847107
0.016089696437120438
0.019925329834222794
0.015881936997175217
0.016669712960720062
0.014994504861533642
0.015677884221076965
0.01398702897131443
0.024963537231087685
0.022030415013432503
0.014496967196464539
0.019517265260219574
0.018367813900113106
0.014658967033028603
0.019040547311306
0.013856474310159683
0.01585025154054165
0.015312421135604382
0.01570870913565159
0.014715268276631832
0.012231286615133286
0.018849128857254982
0.013482337817549706
0.012385514564812183
0.012860359624028206
0.01464535016566515
0.015138331800699234
0.014585585333406925
0.01519824005663395
0.016839660704135895
0.015841135755181313
0.014498024247586727
0.010459374636411667
0.01452762633562088
0.01466524600982666
0.01244308240711689
0.017560167238116264
0.014415539801120758
0.019156496971845627
0.014445132575929165
0.015604380518198013
0.03314861282706261
0.1036212220788002
0.1011047214269638
0.10382865369319916
0.10703171789646149
0.10662278532981873
0.01673976704478264
0.011538376100361347
0.012754262425005436
0.014904824085533619
0.01486312784254551
0.012193022295832634
0.014249423518776894
0.01397347915917635
0.020633365958929062
0.020784610882401466
0.016328785568475723
0.015273476019501686
0.01518353819847107
0.016089696437120438
0.019925329834222794
0.015881936997175217
0.016669712960720062
0.014994504861533642
0.015677884221076965
0.01398702897131443
0.024963537231087685
0.022030415013432503
0.014496967196464539
0.019517265260219574
0.018367813900113106
0.014658967033028603
0.019040547311306
0.013856474310159683
0.01585025154054165
0.015312421135604382
0.01570870913565159
0.014715268276631832
0.012231286615133286
0.018849128857254982
0.013482337817549706
0.012385514564812183
0.012860359624028206
0.01464535016566515
0.015138331800699234
0.014585585333406925
0.01519824005663395
0.016839660704135895
0.015841135755181313
0.014498024247586727
0.010459374636411667
0.01452762633562088
0.01466524600982666
0.01244308240711689
0.017560167238116264
0.014415539801120758
0.019156496971845627
0.014445132575929165
0.015604380518198013
0.03314861282706261
0.1036212220788002
0.1011047214269638
0.10382865369319916
0.10703171789646149
0.10662278532981873
0.01673976704478264
0.011538376100361347
0.012754262425005436
0.014904824085533619
0.01486312784254551
0.012193022295832634
0.014249423518776894
0.01397347915917635
0.020633365958929062
0.020784610882401466
0.016328785568475723
0.015273476019501686
0.01518353819847107
0.016089696437120438
0.019925329834222794
0.015881936997175217
0.016669712960720062
0.014994504861533642
0.015677884221076965
0.01398702897131443
0.024963537231087685
0.022030415013432503
0.014496967196464539
0.019517265260219574
0.018367813900113106
0.014658967033028603
0.019040547311306
0.013856474310159683
0.01585025154054165
0.015312421135604382
0.01570870913565159
0.014715268276631832
0.012231286615133286
0.018849128857254982
0.013482337817549706
0.012385514564812183
0.012860359624028206
0.01464535016566515
0.015138331800699234
0.014585585333406925
0.01519824005663395
0.016839660704135895
0.015841135755181313
0.014498024247586727
0.010459374636411667
0.01452762633562088
0.01466524600982666
0.01244308240711689
0.017560167238116264
0.014415539801120758
0.019156496971845627
0.014445132575929165
0.015604380518198013
0.03314861282706261
0.1036212220788002
0.1011047214269638
0.10382865369319916
0.10703171789646149
0.10662278532981873
0.01673976704478264
0.011538376100361347
0.012754262425005436
0.014904824085533619
0.01486312784254551
0.012193022295832634
0.014249423518776894
0.01397347915917635
0.020633365958929062
0.020784610882401466
0.016328785568475723
0.015273476019501686
0.01518353819847107
0.016089696437120438
0.019925329834222794
0.015881936997175217
0.016669712960720062
0.014994504861533642
0.015677884221076965
0.01398702897131443
0.024963537231087685
0.022030415013432503
0.014496967196464539
0.019517265260219574
0.018367813900113106
0.014658967033028603
0.019040547311306
0.013856474310159683
0.01585025154054165
0.015312421135604382
0.01570870913565159
0.014715268276631832
0.012231286615133286
0.018849128857254982
0.013482337817549706
0.012385514564812183
0.012860359624028206
0.01464535016566515
0.015138331800699234
0.014585585333406925
0.01519824005663395
0.016839660704135895
0.015841135755181313
0.014498024247586727
0.010459374636411667
0.01452762633562088
0.01466524600982666
0.01244308240711689
0.017560167238116264
0.014415539801120758
0.019156496971845627
0.014445132575929165
0.015604380518198013
0.03314861282706261
0.1036212220788002
0.1011047214269638
0.10382865369319916
0.10703171789646149
0.10662278532981873
0.01673976704478264
0.011538376100361347
0.012754262425005436
0.014904824085533619
0.01486312784254551
0.012193022295832634
0.014249423518776894
0.01397347915917635
0.020633365958929062
0.020784610882401466
0.016328785568475723
0.015273476019501686
0.01518353819847107
0.016089696437120438
0.019925329834222794
0.015881936997175217
0.016669712960720062
0.014994504861533642
0.015677884221076965
0.01398702897131443
0.024963537231087685
0.022030415013432503
0.014496967196464539
0.019517265260219574
0.018367813900113106
0.014658967033028603
0.019040547311306
0.013856474310159683
0.01585025154054165
0.015312421135604382
0.01570870913565159
0.014715268276631832
0.012231286615133286
0.018849128857254982
0.013482337817549706
0.012385514564812183
0.012860359624028206
0.01464535016566515
0.015138331800699234
0.014585585333406925
0.01519824005663395
0.016839660704135895
0.015841135755181313
0.014498024247586727
0.010459374636411667
0.01452762633562088
0.01466524600982666
0.01244308240711689
0.017560167238116264
0.014415539801120758
0.019156496971845627
0.014445132575929165
0.015604380518198013
0.03314861282706261
0.1036212220788002
0.1011047214269638
0.10382865369319916
0.10703171789646149
0.10662278532981873
0.01673976704478264
0.011538376100361347
0.012754262425005436
0.014904824085533619
0.01486312784254551
0.012193022295832634
0.014249423518776894
0.01397347915917635
0.020633365958929062
0.020784610882401466
0.016328785568475723
0.015273476019501686
0.01518353819847107
0.016089696437120438
0.019925329834222794
0.015881936997175217
0.016669712960720062
0.014994504861533642
0.015677884221076965
0.01398702897131443
0.024963537231087685
0.022030415013432503
0.014496967196464539
0.019517265260219574
0.018367813900113106
0.014658967033028603
0.019040547311306
0.013856474310159683
0.01585025154054165
0.015312421135604382
0.01570870913565159
0.014715268276631832
0.012231286615133286
0.018849128857254982
0.013482337817549706
0.012385514564812183
0.012860359624028206
0.01464535016566515
0.015138331800699234
0.014585585333406925
0.01519824005663395
0.016839660704135895
0.015841135755181313
0.014498024247586727
0.010459374636411667
0.01452762633562088
0.01466524600982666
0.01244308240711689
0.017560167238116264
0.014415539801120758
0.019156496971845627
0.014445132575929165
0.015604380518198013
0.03314861282706261
0.1036212220788002
0.1011047214269638
0.10382865369319916
0.10703171789646149
0.10662278532981873
0.01673976704478264
0.011538376100361347
0.012754262425005436
0.014904824085533619
0.01486312784254551
0.012193022295832634
0.014249423518776894
0.01397347915917635
0.020633365958929062
0.020784610882401466
0.016328785568475723
0.015273476019501686
0.01518353819847107
0.016089696437120438
0.019925329834222794
0.015881936997175217
0.016669712960720062
0.014994504861533642
0.015677884221076965
0.01398702897131443
0.024963537231087685
0.022030415013432503
0.014496967196464539
0.019517265260219574
0.018367813900113106
0.014658967033028603
0.019040547311306
0.013856474310159683
0.01585025154054165
0.015312421135604382
0.01570870913565159
0.014715268276631832
0.012231286615133286
0.018849128857254982
0.013482337817549706
0.012385514564812183
0.012860359624028206
0.01464535016566515
0.015138331800699234
0.014585585333406925
0.01519824005663395
0.016839660704135895
0.015841135755181313
0.014498024247586727
0.010459374636411667
0.01452762633562088
0.01466524600982666
0.01244308240711689
0.017560167238116264
0.014415539801120758
0.019156496971845627
0.014445132575929165
0.015604380518198013
0.03314861282706261
0.1036212220788002
0.1011047214269638
0.10382865369319916
0.10703171789646149
0.10662278532981873
0.01673976704478264
0.011538376100361347
0.012754262425005436
0.014904824085533619
0.01486312784254551
0.012193022295832634
0.014249423518776894
0.01397347915917635
0.020633365958929062
0.020784610882401466
0.016328785568475723
0.015273476019501686
0.01518353819847107
0.016089696437120438
0.019925329834222794
0.015881936997175217
0.016669712960720062
0.014994504861533642
0.015677884221076965
0.01398702897131443
0.024963537231087685
0.022030415013432503
0.014496967196464539
0.019517265260219574
0.018367813900113106
0.014658967033028603
0.019040547311306
0.013856474310159683
0.01585025154054165
0.015312421135604382
0.01570870913565159
0.014715268276631832
0.012231286615133286
0.018849128857254982
0.013482337817549706
0.012385514564812183
0.012860359624028206
0.01464535016566515
0.015138331800699234
0.014585585333406925
0.01519824005663395
0.016839660704135895
0.015841135755181313
0.014498024247586727
0.010459374636411667
0.01452762633562088
0.01466524600982666
0.01244308240711689
0.017560167238116264
0.014415539801120758
0.019156496971845627
0.014445132575929165
0.015604380518198013
0.03314861282706261
0.1036212220788002
0.1011047214269638
0.10382865369319916
0.10703171789646149
0.10662278532981873
0.01673976704478264
0.011538376100361347
0.012754262425005436
0.014904824085533619
0.01486312784254551
0.012193022295832634
0.014249423518776894
0.01397347915917635
0.020633365958929062
0.020784610882401466
0.016328785568475723
0.015273476019501686
0.01518353819847107
0.016089696437120438
0.019925329834222794
0.015881936997175217
0.016669712960720062
0.014994504861533642
0.015677884221076965
0.01398702897131443
0.024963537231087685
0.022030415013432503
0.014496967196464539
0.019517265260219574
0.018367813900113106
0.014658967033028603
0.019040547311306
0.013856474310159683
0.01585025154054165
0.015312421135604382
0.01570870913565159
0.014715268276631832
0.012231286615133286
0.018849128857254982
0.013482337817549706
0.012385514564812183
0.012860359624028206
0.01464535016566515
0.015138331800699234
0.014585585333406925
0.01519824005663395
0.016839660704135895
0.015841135755181313
0.014498024247586727
0.010459374636411667
0.01452762633562088
0.01466524600982666
0.01244308240711689
0.017560167238116264
0.014415539801120758
0.019156496971845627
0.014445132575929165
0.015604380518198013
0.03314861282706261
0.1036212220788002
0.1011047214269638
0.10382865369319916
0.10703171789646149
0.10662278532981873
0.01673976704478264
0.011538376100361347
0.012754262425005436
0.014904824085533619
0.01486312784254551
0.012193022295832634
0.014249423518776894
0.01397347915917635
0.020633365958929062
0.020784610882401466
0.016328785568475723
0.015273476019501686
0.01518353819847107
0.016089696437120438
0.019925329834222794
0.015881936997175217
0.016669712960720062
0.014994504861533642
0.015677884221076965
0.01398702897131443
0.024963537231087685
0.022030415013432503
0.014496967196464539
0.019517265260219574
0.018367813900113106
0.014658967033028603
0.019040547311306
0.013856474310159683
0.01585025154054165
0.015312421135604382
0.01570870913565159
0.014715268276631832
0.012231286615133286
0.018849128857254982
0.013482337817549706
0.012385514564812183
0.012860359624028206
0.01464535016566515
0.015138331800699234
0.014585585333406925
0.01519824005663395
0.016839660704135895
0.015841135755181313
0.014498024247586727
0.010459374636411667
0.01452762633562088
0.01466524600982666
0.01244308240711689
0.017560167238116264
0.014415539801120758
0.019156496971845627
0.014445132575929165
0.015604380518198013
0.03314861282706261
0.1036212220788002
0.1011047214269638
0.10382865369319916
0.10703171789646149
0.10662278532981873
0.01673976704478264
0.011538376100361347
0.012754262425005436
0.014904824085533619
0.01486312784254551
0.012193022295832634
0.014249423518776894
0.01397347915917635
0.020633365958929062
0.020784610882401466
0.016328785568475723
0.015273476019501686
0.01518353819847107
0.016089696437120438
0.019925329834222794
0.015881936997175217
0.016669712960720062
0.014994504861533642
0.015677884221076965
0.01398702897131443
0.024963537231087685
0.022030415013432503
0.014496967196464539
0.019517265260219574
0.018367813900113106
0.014658967033028603
0.019040547311306
0.013856474310159683
0.01585025154054165
0.015312421135604382
0.01570870913565159
0.014715268276631832
0.012231286615133286
0.018849128857254982
0.013482337817549706
0.012385514564812183
0.012860359624028206
0.01464535016566515
0.015138331800699234
0.014585585333406925
0.01519824005663395
0.016839660704135895
0.015841135755181313
0.014498024247586727
0.010459374636411667
0.01452762633562088
0.01466524600982666
0.01244308240711689
0.017560167238116264
0.014415539801120758
0.019156496971845627
0.014445132575929165
0.015604380518198013
0.03314861282706261
0.1036212220788002
0.1011047214269638
0.10382865369319916
0.10703171789646149
0.10662278532981873
0.01673976704478264
0.011538376100361347
0.012754262425005436
0.014904824085533619
0.01486312784254551
0.012193022295832634
0.014249423518776894
0.01397347915917635
0.020633365958929062
0.020784610882401466
0.016328785568475723
0.015273476019501686
0.01518353819847107
0.016089696437120438
0.019925329834222794
0.015881936997175217
0.016669712960720062
0.014994504861533642
0.015677884221076965
0.01398702897131443
0.024963537231087685
0.022030415013432503
0.014496967196464539
0.019517265260219574
0.018367813900113106
0.014658967033028603
0.019040547311306
0.013856474310159683
0.01585025154054165
0.015312421135604382
0.01570870913565159
0.014715268276631832
0.012231286615133286
0.018849128857254982
0.013482337817549706
0.012385514564812183
0.012860359624028206
0.01464535016566515
0.015138331800699234
0.014585585333406925
0.01519824005663395
0.016839660704135895
0.015841135755181313
0.014498024247586727
0.010459374636411667
0.01452762633562088
0.01466524600982666
0.01244308240711689
0.017560167238116264
0.014415539801120758
0.019156496971845627
0.014445132575929165
0.015604380518198013
0.03314861282706261
0.1036212220788002
0.1011047214269638
0.10382865369319916
0.10703171789646149
0.10662278532981873
0.01673976704478264
0.011538376100361347
0.012754262425005436
0.014904824085533619
0.01486312784254551
0.012193022295832634
0.014249423518776894
0.01397347915917635
0.020633365958929062
0.020784610882401466
0.016328785568475723
0.015273476019501686
0.01518353819847107
0.016089696437120438
0.019925329834222794
0.015881936997175217
0.016669712960720062
0.014994504861533642
0.015677884221076965
0.01398702897131443
0.024963537231087685
0.022030415013432503
0.014496967196464539
0.019517265260219574
0.018367813900113106
0.014658967033028603
0.019040547311306
0.013856474310159683
0.01585025154054165
0.015312421135604382
0.01570870913565159
0.014715268276631832
0.012231286615133286
0.018849128857254982
0.013482337817549706
0.012385514564812183
0.012860359624028206
0.01464535016566515
0.015138331800699234
0.014585585333406925
0.01519824005663395
0.016839660704135895
0.015841135755181313
0.014498024247586727
0.010459374636411667
0.01452762633562088
0.01466524600982666
0.01244308240711689
0.017560167238116264
0.014415539801120758
0.019156496971845627
0.014445132575929165
0.015604380518198013
0.03314861282706261
0.1036212220788002
0.1011047214269638
0.10382865369319916
0.10703171789646149
0.10662278532981873
0.01673976704478264
0.011538376100361347
0.012754262425005436
0.014904824085533619
0.01486312784254551
0.012193022295832634
0.014249423518776894
0.01397347915917635
0.020633365958929062
0.020784610882401466
0.016328785568475723
0.015273476019501686
0.01518353819847107
0.016089696437120438
0.019925329834222794
0.015881936997175217
0.016669712960720062
0.014994504861533642
0.015677884221076965
0.01398702897131443
0.024963537231087685
0.022030415013432503
0.014496967196464539
0.019517265260219574
0.018367813900113106
0.014658967033028603
0.019040547311306
0.013856474310159683
0.01585025154054165
0.015312421135604382
0.01570870913565159
0.014715268276631832
0.012231286615133286
0.018849128857254982
0.013482337817549706
0.012385514564812183
0.012860359624028206
0.01464535016566515
0.015138331800699234
0.014585585333406925
0.01519824005663395
0.016839660704135895
0.015841135755181313
0.014498024247586727
0.010459374636411667
0.01452762633562088
0.01466524600982666
0.01244308240711689
0.017560167238116264
0.014415539801120758
0.019156496971845627
0.014445132575929165
0.015604380518198013
0.03314861282706261
0.1036212220788002
0.1011047214269638
0.10382865369319916
0.10703171789646149
0.10662278532981873
0.01673976704478264
0.011538376100361347
0.012754262425005436
0.014904824085533619
0.01486312784254551
0.012193022295832634
0.014249423518776894
0.01397347915917635
0.020633365958929062
0.020784610882401466
0.016328785568475723
0.015273476019501686
0.01518353819847107
0.016089696437120438
0.019925329834222794
0.015881936997175217
0.016669712960720062
0.014994504861533642
0.015677884221076965
0.01398702897131443
0.024963537231087685
0.022030415013432503
0.014496967196464539
0.019517265260219574
0.018367813900113106
0.014658967033028603
0.019040547311306
0.013856474310159683
0.01585025154054165
0.015312421135604382
0.01570870913565159
0.014715268276631832
0.012231286615133286
0.018849128857254982
0.013482337817549706
0.012385514564812183
0.012860359624028206
0.01464535016566515
0.015138331800699234
0.014585585333406925
0.01519824005663395
0.016839660704135895
0.015841135755181313
0.014498024247586727
0.010459374636411667
0.01452762633562088
0.01466524600982666
0.01244308240711689
0.017560167238116264
0.014415539801120758
0.019156496971845627
0.014445132575929165
0.015604380518198013
0.03314861282706261
0.1036212220788002
0.1011047214269638
0.10382865369319916
0.10703171789646149
0.10662278532981873
0.01673976704478264
0.011538376100361347
0.012754262425005436
0.014904824085533619
0.01486312784254551
0.012193022295832634
0.014249423518776894
0.01397347915917635
0.020633365958929062
0.020784610882401466
0.016328785568475723
0.015273476019501686
0.01518353819847107
0.016089696437120438
0.019925329834222794
0.015881936997175217
0.016669712960720062
0.014994504861533642
0.015677884221076965
0.01398702897131443
0.024963537231087685
0.022030415013432503
0.014496967196464539
0.019517265260219574
0.018367813900113106
0.014658967033028603
0.019040547311306
0.013856474310159683
0.01585025154054165
0.015312421135604382
0.01570870913565159
0.014715268276631832
0.012231286615133286
0.018849128857254982
0.013482337817549706
0.012385514564812183
0.012860359624028206
0.01464535016566515
0.015138331800699234
0.014585585333406925
0.01519824005663395
0.016839660704135895
0.015841135755181313
0.014498024247586727
0.010459374636411667
0.01452762633562088
0.01466524600982666
0.01244308240711689
0.017560167238116264
0.014415539801120758
0.019156496971845627
0.014445132575929165
0.015604380518198013
0.03314861282706261
0.1036212220788002
0.1011047214269638
0.10382865369319916
0.10703171789646149
0.10662278532981873
0.01673976704478264
0.011538376100361347
0.012754262425005436
0.014904824085533619
0.01486312784254551
0.012193022295832634
0.014249423518776894
0.01397347915917635
0.020633365958929062
0.020784610882401466
0.016328785568475723
0.015273476019501686
0.01518353819847107
0.016089696437120438
0.019925329834222794
0.015881936997175217
0.016669712960720062
0.014994504861533642
0.015677884221076965
0.01398702897131443
0.024963537231087685
0.022030415013432503
0.014496967196464539
0.019517265260219574
0.018367813900113106
0.014658967033028603
0.019040547311306
0.013856474310159683
0.01585025154054165
0.015312421135604382
0.01570870913565159
0.014715268276631832
0.012231286615133286
0.018849128857254982
0.013482337817549706
0.012385514564812183
0.012860359624028206
0.01464535016566515
0.015138331800699234
0.014585585333406925
0.01519824005663395
0.016839660704135895
0.015841135755181313
0.014498024247586727
0.010459374636411667
0.01452762633562088
0.01466524600982666
0.01244308240711689
0.017560167238116264
0.014415539801120758
0.019156496971845627
0.014445132575929165
0.015604380518198013
0.03314861282706261
0.1036212220788002
0.1011047214269638
0.10382865369319916
0.10703171789646149
0.10662278532981873
0.01673976704478264
0.011538376100361347
0.012754262425005436
0.014904824085533619
0.01486312784254551
0.012193022295832634
0.014249423518776894
0.01397347915917635
0.020633365958929062
0.020784610882401466
0.016328785568475723
0.015273476019501686
0.01518353819847107
0.016089696437120438
0.019925329834222794
0.015881936997175217
0.016669712960720062
0.014994504861533642
0.015677884221076965
0.01398702897131443
0.024963537231087685
0.022030415013432503
0.014496967196464539
0.019517265260219574
0.018367813900113106
0.014658967033028603
0.019040547311306
0.013856474310159683
0.01585025154054165
0.015312421135604382
0.01570870913565159
0.014715268276631832
0.012231286615133286
0.018849128857254982
0.013482337817549706
0.012385514564812183
0.012860359624028206
0.01464535016566515
0.015138331800699234
0.014585585333406925
0.01519824005663395
0.016839660704135895
0.015841135755181313
0.014498024247586727
0.010459374636411667
0.01452762633562088
0.01466524600982666
0.01244308240711689
0.017560167238116264
0.014415539801120758
0.019156496971845627
0.014445132575929165
0.015604380518198013
0.03314861282706261
0.1036212220788002
0.1011047214269638
0.10382865369319916
0.10703171789646149
0.10662278532981873
0.01673976704478264
0.011538376100361347
0.012754262425005436
0.014904824085533619
0.01486312784254551
0.012193022295832634
0.014249423518776894
0.01397347915917635
0.020633365958929062
0.020784610882401466
0.016328785568475723
0.015273476019501686
0.01518353819847107
0.016089696437120438
0.019925329834222794
0.015881936997175217
0.016669712960720062
0.014994504861533642
0.015677884221076965
0.01398702897131443
0.024963537231087685
0.022030415013432503
0.014496967196464539
0.019517265260219574
0.018367813900113106
0.014658967033028603
0.019040547311306
0.013856474310159683
0.01585025154054165
0.015312421135604382
0.01570870913565159
0.014715268276631832
0.012231286615133286
0.018849128857254982
0.013482337817549706
0.012385514564812183
0.012860359624028206
0.01464535016566515
0.015138331800699234
0.014585585333406925
0.01519824005663395
0.016839660704135895
0.015841135755181313
0.014498024247586727
0.010459374636411667
0.01452762633562088
0.01466524600982666
0.01244308240711689
0.017560167238116264
0.014415539801120758
0.019156496971845627
0.014445132575929165
0.015604380518198013
0.03314861282706261
0.1036212220788002
0.1011047214269638
0.10382865369319916
0.10703171789646149
0.10662278532981873
0.01673976704478264
0.011538376100361347
0.012754262425005436
0.014904824085533619
0.01486312784254551
0.012193022295832634
0.014249423518776894
0.01397347915917635
0.020633365958929062
0.020784610882401466
0.016328785568475723
0.015273476019501686
0.01518353819847107
0.016089696437120438
0.019925329834222794
0.015881936997175217
0.016669712960720062
0.014994504861533642
0.015677884221076965
0.01398702897131443
0.024963537231087685
0.022030415013432503
0.014496967196464539
0.019517265260219574
0.018367813900113106
0.014658967033028603
0.019040547311306
0.013856474310159683
0.01585025154054165
0.015312421135604382
0.01570870913565159
0.014715268276631832
0.012231286615133286
0.018849128857254982
0.013482337817549706
0.012385514564812183
0.012860359624028206
0.01464535016566515
0.015138331800699234
0.014585585333406925
0.01519824005663395
0.016839660704135895
0.015841135755181313
0.014498024247586727
0.010459374636411667
0.01452762633562088
0.01466524600982666
0.01244308240711689
0.017560167238116264
0.014415539801120758
0.019156496971845627
0.014445132575929165
0.015604380518198013
0.03314861282706261
0.1036212220788002
0.1011047214269638
0.10382865369319916
0.10703171789646149
0.10662278532981873
0.01673976704478264
0.011538376100361347
0.012754262425005436
0.014904824085533619
0.01486312784254551
0.012193022295832634
0.014249423518776894
0.01397347915917635
0.020633365958929062
0.020784610882401466
0.016328785568475723
0.015273476019501686
0.01518353819847107
0.016089696437120438
0.019925329834222794
0.015881936997175217
0.016669712960720062
0.014994504861533642
0.015677884221076965
0.01398702897131443
0.024963537231087685
0.022030415013432503
0.014496967196464539
0.019517265260219574
0.018367813900113106
0.014658967033028603
0.019040547311306
0.013856474310159683
0.01585025154054165
0.015312421135604382
0.01570870913565159
0.014715268276631832
0.012231286615133286
0.018849128857254982
0.013482337817549706
0.012385514564812183
0.012860359624028206
0.01464535016566515
0.015138331800699234
0.014585585333406925
0.01519824005663395
0.016839660704135895
0.015841135755181313
0.014498024247586727
0.010459374636411667
0.01452762633562088
0.01466524600982666
0.01244308240711689
0.017560167238116264
0.014415539801120758
0.019156496971845627
0.014445132575929165
0.015604380518198013
0.03314861282706261
0.1036212220788002
0.1011047214269638
0.10382865369319916
0.10703171789646149
0.10662278532981873
0.01673976704478264
0.011538376100361347
0.012754262425005436
0.014904824085533619
0.01486312784254551
0.012193022295832634
0.014249423518776894
0.01397347915917635
0.020633365958929062
0.020784610882401466
0.016328785568475723
0.015273476019501686
0.01518353819847107
0.016089696437120438
0.019925329834222794
0.015881936997175217
0.016669712960720062
0.014994504861533642
0.015677884221076965
0.01398702897131443
0.024963537231087685
0.022030415013432503
0.014496967196464539
0.019517265260219574
0.018367813900113106
0.014658967033028603
0.019040547311306
0.013856474310159683
0.01585025154054165
0.015312421135604382
0.01570870913565159
0.014715268276631832
0.012231286615133286
0.018849128857254982
0.013482337817549706
0.012385514564812183
0.012860359624028206
0.01464535016566515
0.015138331800699234
0.014585585333406925
0.01519824005663395
0.016839660704135895
0.015841135755181313
0.014498024247586727
0.010459374636411667
0.01452762633562088
0.01466524600982666
0.01244308240711689
0.017560167238116264
0.014415539801120758
0.019156496971845627
0.014445132575929165
0.015604380518198013
0.03314861282706261
0.1036212220788002
0.1011047214269638
0.10382865369319916
0.10703171789646149
0.10662278532981873
0.01673976704478264
0.011538376100361347
0.012754262425005436
0.014904824085533619
0.01486312784254551
0.012193022295832634
0.014249423518776894
0.01397347915917635
0.020633365958929062
0.020784610882401466
0.016328785568475723
0.015273476019501686
0.01518353819847107
0.016089696437120438
0.019925329834222794
0.015881936997175217
0.016669712960720062
0.014994504861533642
0.015677884221076965
0.01398702897131443
0.024963537231087685
0.022030415013432503
0.014496967196464539
0.019517265260219574
0.018367813900113106
0.014658967033028603
0.019040547311306
0.013856474310159683
0.01585025154054165
0.015312421135604382
0.01570870913565159
0.014715268276631832
0.012231286615133286
0.018849128857254982
0.013482337817549706
0.012385514564812183
0.012860359624028206
0.01464535016566515
0.015138331800699234
0.014585585333406925
0.01519824005663395
0.016839660704135895
0.015841135755181313
0.014498024247586727
0.010459374636411667
0.01452762633562088
0.01466524600982666
0.01244308240711689
0.017560167238116264
0.014415539801120758
0.019156496971845627
0.014445132575929165
0.015604380518198013
0.03314861282706261
0.1036212220788002
0.1011047214269638
0.10382865369319916
0.10703171789646149
0.10662278532981873
0.01673976704478264
0.011538376100361347
0.012754262425005436
0.014904824085533619
0.01486312784254551
0.012193022295832634
0.014249423518776894
0.01397347915917635
0.020633365958929062
0.020784610882401466
0.016328785568475723
0.015273476019501686
0.01518353819847107
0.016089696437120438
0.019925329834222794
0.015881936997175217
0.016669712960720062
0.014994504861533642
0.015677884221076965
0.01398702897131443
0.024963537231087685
0.022030415013432503
0.014496967196464539
0.019517265260219574
0.018367813900113106
0.014658967033028603
0.019040547311306
0.013856474310159683
0.01585025154054165
0.015312421135604382
0.01570870913565159
0.014715268276631832
0.012231286615133286
0.018849128857254982
0.013482337817549706
0.012385514564812183
0.012860359624028206
0.01464535016566515
0.015138331800699234
0.014585585333406925
0.01519824005663395
0.016839660704135895
0.015841135755181313
0.014498024247586727
0.010459374636411667
0.01452762633562088
0.01466524600982666
0.01244308240711689
0.017560167238116264
0.014415539801120758
0.019156496971845627
0.014445132575929165
0.015604380518198013
0.03314861282706261
0.1036212220788002
0.1011047214269638
0.10382865369319916
0.10703171789646149
0.10662278532981873
0.01673976704478264
0.011538376100361347
0.012754262425005436
0.014904824085533619
0.01486312784254551
0.012193022295832634
0.014249423518776894
0.01397347915917635
0.020633365958929062
0.020784610882401466
0.016328785568475723
0.015273476019501686
0.01518353819847107
0.016089696437120438
0.019925329834222794
0.015881936997175217
0.016669712960720062
0.014994504861533642
0.015677884221076965
0.01398702897131443
0.024963537231087685
0.022030415013432503
0.014496967196464539
0.019517265260219574
0.018367813900113106
0.014658967033028603
0.019040547311306
0.013856474310159683
0.01585025154054165
0.015312421135604382
0.01570870913565159
0.014715268276631832
0.012231286615133286
0.018849128857254982
0.013482337817549706
0.012385514564812183
0.012860359624028206
0.01464535016566515
0.015138331800699234
0.014585585333406925
0.01519824005663395
0.016839660704135895
0.015841135755181313
0.014498024247586727
0.010459374636411667
0.01452762633562088
0.01466524600982666
0.01244308240711689
0.017560167238116264
0.014415539801120758
0.019156496971845627
0.014445132575929165
0.015604380518198013
0.03314861282706261
0.1036212220788002
0.1011047214269638
0.10382865369319916
0.10703171789646149
0.10662278532981873
0.01673976704478264
0.011538376100361347
0.012754262425005436
0.014904824085533619
0.01486312784254551
0.012193022295832634
0.014249423518776894
0.01397347915917635
0.020633365958929062
0.020784610882401466
0.016328785568475723
0.015273476019501686
0.01518353819847107
0.016089696437120438
0.019925329834222794
0.015881936997175217
0.016669712960720062
0.014994504861533642
0.015677884221076965
0.01398702897131443
0.024963537231087685
0.022030415013432503
0.014496967196464539
0.019517265260219574
0.018367813900113106
0.014658967033028603
0.019040547311306
0.013856474310159683
0.01585025154054165
0.015312421135604382
0.01570870913565159
0.014715268276631832
0.012231286615133286
0.018849128857254982
0.013482337817549706
0.012385514564812183
0.012860359624028206
0.01464535016566515
0.015138331800699234
0.014585585333406925
0.01519824005663395
0.016839660704135895
0.015841135755181313
0.014498024247586727
0.010459374636411667
0.01452762633562088
0.01466524600982666
0.01244308240711689
0.017560167238116264
0.014415539801120758
0.019156496971845627
0.014445132575929165
0.015604380518198013
0.03314861282706261
0.1036212220788002
0.1011047214269638
0.10382865369319916
0.10703171789646149
0.10662278532981873
0.01673976704478264
0.011538376100361347
0.012754262425005436
0.014904824085533619
0.01486312784254551
0.012193022295832634
0.014249423518776894
0.01397347915917635
0.020633365958929062
0.020784610882401466
0.016328785568475723
0.015273476019501686
0.01518353819847107
0.016089696437120438
0.019925329834222794
0.015881936997175217
0.016669712960720062
0.014994504861533642
0.015677884221076965
0.01398702897131443
0.024963537231087685
0.022030415013432503
0.014496967196464539
0.019517265260219574
0.018367813900113106
0.014658967033028603
0.019040547311306
0.013856474310159683
0.01585025154054165
0.015312421135604382
0.01570870913565159
0.014715268276631832
0.012231286615133286
0.018849128857254982
0.013482337817549706
0.012385514564812183
0.012860359624028206
0.01464535016566515
0.015138331800699234
0.014585585333406925
0.01519824005663395
0.016839660704135895
0.015841135755181313
0.014498024247586727
0.010459374636411667
0.01452762633562088
0.01466524600982666
0.01244308240711689
0.017560167238116264
0.014415539801120758
0.019156496971845627
0.014445132575929165
0.015604380518198013
0.03314861282706261
0.1036212220788002
0.1011047214269638
0.10382865369319916
0.10703171789646149
0.10662278532981873
0.01673976704478264
0.011538376100361347
0.012754262425005436
0.014904824085533619
0.01486312784254551
0.012193022295832634
0.014249423518776894
0.01397347915917635
0.020633365958929062
0.020784610882401466
0.016328785568475723
0.015273476019501686
0.01518353819847107
0.016089696437120438
0.019925329834222794
0.015881936997175217
0.016669712960720062
0.014994504861533642
0.015677884221076965
0.01398702897131443
0.024963537231087685
0.022030415013432503
0.014496967196464539
0.019517265260219574
0.018367813900113106
0.014658967033028603
0.019040547311306
0.013856474310159683
0.01585025154054165
0.015312421135604382
0.01570870913565159
0.014715268276631832
0.012231286615133286
0.018849128857254982
0.013482337817549706
0.012385514564812183
0.012860359624028206
0.01464535016566515
0.015138331800699234
0.014585585333406925
0.01519824005663395
0.016839660704135895
0.015841135755181313
0.014498024247586727
0.010459374636411667
0.01452762633562088
0.01466524600982666
0.01244308240711689
0.017560167238116264
0.014415539801120758
0.019156496971845627
0.014445132575929165
0.015604380518198013
0.03314861282706261
0.1036212220788002
0.1011047214269638
0.10382865369319916
0.10703171789646149
0.10662278532981873
0.01673976704478264
0.011538376100361347
0.012754262425005436
0.014904824085533619
0.01486312784254551
0.012193022295832634
0.014249423518776894
0.01397347915917635
0.020633365958929062
0.020784610882401466
0.016328785568475723
0.015273476019501686
0.01518353819847107
0.016089696437120438
0.019925329834222794
0.015881936997175217
0.016669712960720062
0.014994504861533642
0.015677884221076965
0.01398702897131443
0.024963537231087685
0.022030415013432503
0.014496967196464539
0.019517265260219574
0.018367813900113106
0.014658967033028603
0.019040547311306
0.013856474310159683
0.01585025154054165
0.015312421135604382
0.01570870913565159
0.014715268276631832
0.012231286615133286
0.018849128857254982
0.013482337817549706
0.012385514564812183
0.012860359624028206
0.01464535016566515
0.015138331800699234
0.014585585333406925
0.01519824005663395
0.016839660704135895
0.015841135755181313
0.014498024247586727
0.010459374636411667
0.01452762633562088
0.01466524600982666
0.01244308240711689
0.017560167238116264
0.014415539801120758
0.019156496971845627
0.014445132575929165
0.015604380518198013
0.03314861282706261
0.1036212220788002
0.1011047214269638
0.10382865369319916
0.10703171789646149
0.10662278532981873
0.01673976704478264
0.011538376100361347
0.012754262425005436
0.014904824085533619
0.01486312784254551
0.012193022295832634
0.014249423518776894
0.01397347915917635
0.020633365958929062
0.020784610882401466
0.016328785568475723
0.015273476019501686
0.01518353819847107
0.016089696437120438
0.019925329834222794
0.015881936997175217
0.016669712960720062
0.014994504861533642
0.015677884221076965
0.01398702897131443
0.024963537231087685
0.022030415013432503
0.014496967196464539
0.019517265260219574
0.018367813900113106
0.014658967033028603
0.019040547311306
0.013856474310159683
0.01585025154054165
0.015312421135604382
0.01570870913565159
0.014715268276631832
0.012231286615133286
0.018849128857254982
0.013482337817549706
0.012385514564812183
0.012860359624028206
0.01464535016566515
0.015138331800699234
0.014585585333406925
0.01519824005663395
0.016839660704135895
0.015841135755181313
0.014498024247586727
0.010459374636411667
0.01452762633562088
0.01466524600982666
0.01244308240711689
0.017560167238116264
0.014415539801120758
0.019156496971845627
0.014445132575929165
0.015604380518198013
0.03314861282706261
0.1036212220788002
0.1011047214269638
0.10382865369319916
0.10703171789646149
0.10662278532981873
0.01673976704478264
0.011538376100361347
0.012754262425005436
0.014904824085533619
0.01486312784254551
0.012193022295832634
0.014249423518776894
0.01397347915917635
0.020633365958929062
0.020784610882401466
0.016328785568475723
0.015273476019501686
0.01518353819847107
0.016089696437120438
0.019925329834222794
0.015881936997175217
0.016669712960720062
0.014994504861533642
0.015677884221076965
0.01398702897131443
0.024963537231087685
0.022030415013432503
0.014496967196464539
0.019517265260219574
0.018367813900113106
0.014658967033028603
0.019040547311306
0.013856474310159683
0.01585025154054165
0.015312421135604382
0.01570870913565159
0.014715268276631832
0.012231286615133286
0.018849128857254982
0.013482337817549706
0.012385514564812183
0.012860359624028206
0.01464535016566515
0.015138331800699234
0.014585585333406925
0.01519824005663395
0.016839660704135895
0.015841135755181313
0.014498024247586727
0.010459374636411667
0.01452762633562088
0.01466524600982666
0.01244308240711689
0.017560167238116264
0.014415539801120758
0.019156496971845627
0.014445132575929165
0.015604380518198013
0.03314861282706261
0.1036212220788002
0.1011047214269638
0.10382865369319916
0.10703171789646149
0.10662278532981873
0.01673976704478264
0.011538376100361347
0.012754262425005436
0.014904824085533619
0.01486312784254551
0.012193022295832634
0.014249423518776894
0.01397347915917635
0.020633365958929062
0.020784610882401466
0.016328785568475723
0.015273476019501686
0.01518353819847107
0.016089696437120438
0.019925329834222794
0.015881936997175217
0.016669712960720062
0.014994504861533642
0.015677884221076965
0.01398702897131443
0.024963537231087685
0.022030415013432503
0.014496967196464539
0.019517265260219574
0.018367813900113106
0.014658967033028603
0.019040547311306
0.013856474310159683
0.01585025154054165
0.015312421135604382
0.01570870913565159
0.014715268276631832
0.012231286615133286
0.018849128857254982
0.013482337817549706
0.012385514564812183
0.012860359624028206
0.01464535016566515
0.015138331800699234
0.014585585333406925
0.01519824005663395
0.016839660704135895
0.015841135755181313
0.014498024247586727
0.010459374636411667
0.01452762633562088
0.01466524600982666
0.01244308240711689
0.017560167238116264
0.014415539801120758
0.019156496971845627
0.014445132575929165
0.015604380518198013
0.03314861282706261
0.1036212220788002
0.1011047214269638
0.10382865369319916
0.10703171789646149
0.10662278532981873
0.01673976704478264
0.011538376100361347
0.012754262425005436
0.014904824085533619
0.01486312784254551
0.012193022295832634
0.014249423518776894
0.01397347915917635
0.020633365958929062
0.020784610882401466
0.016328785568475723
0.015273476019501686
0.01518353819847107
0.016089696437120438
0.019925329834222794
0.015881936997175217
0.016669712960720062
0.014994504861533642
0.015677884221076965
0.01398702897131443
0.024963537231087685
0.022030415013432503
0.014496967196464539
0.019517265260219574
0.018367813900113106
0.014658967033028603
0.019040547311306
0.013856474310159683
0.01585025154054165
0.015312421135604382
0.01570870913565159
0.014715268276631832
0.012231286615133286
0.018849128857254982
0.013482337817549706
0.012385514564812183
0.012860359624028206
0.01464535016566515
0.015138331800699234
0.014585585333406925
0.01519824005663395
0.016839660704135895
0.015841135755181313
0.014498024247586727
0.010459374636411667
0.01452762633562088
0.01466524600982666
0.01244308240711689
0.017560167238116264
0.014415539801120758
0.019156496971845627
0.014445132575929165
0.015604380518198013
0.03314861282706261
0.1036212220788002
0.1011047214269638
0.10382865369319916
0.10703171789646149
0.10662278532981873
