0.051748698072160704
0.03368769330367193
0.024942058975161132
0.023497534000267415
0.023497534000267415
0.023497534000267415
0.023497534000267415
0.023497534000267415
0.023497534000267415
0.023497534000267415
0.023497534000267415
0.023497534000267415
0.023497534000267415
0.023497534000267415
0.023497534000267415
0.023497534000267415
0.023497534000267415
0.023497534000267415
0.023497534000267415
0.023497534000267415
0.023497534000267415
0.023497534000267415
0.023497534000267415
0.023497534000267415
0.023497534000267415
0.023497534000267415
0.023497534000267415
0.023497534000267415
0.023497534000267415
0.023497534000267415
0.023497534000267415
0.023497534000267415
0.023497534000267415
0.023497534000267415
0.023497534000267415
0.023497534000267415
0.023497534000267415
0.023497534000267415
0.023497534000267415
0.023497534000267415
0.023497534000267415
0.023497534000267415
0.023497534000267415
0.023497534000267415
0.023497534000267415
0.023497534000267415
0.023497534000267415
0.023497534000267415
0.023497534000267415
0.023497534000267415
