1073.4576416015625
1106.230712890625
1224.731201171875
760.9598999023438
804.3692626953125
628.9683837890625
569.8546142578125
708.112060546875
277.1518249511719
382.6552429199219
256.4938049316406
409.4919128417969
60.61823654174805
-83.57682037353516
107.36274719238281
60.990753173828125
-82.20172882080078
183.9669647216797
-65.92205047607422
77.91950988769531
-23.425695419311523
-233.4914093017578
39.6775016784668
-196.31961059570312
-176.61654663085938
-180.80516052246094
62.22941970825195
-298.11920166015625
-280.3652038574219
-192.4577178955078
-213.77195739746094
-281.2633361816406
-238.51475524902344
-438.6575622558594
-598.775390625
-428.9784240722656
-526.9977416992188
-332.8319091796875
-514.7771606445312
-568.8814697265625
-423.2420349121094
-663.9745483398438
-701.3175659179688
-658.6495971679688
-652.0842895507812
-580.2735595703125
-710.5703125
-649.0594482421875
-629.1759033203125
-544.0726928710938
-693.2658081054688
-707.4381103515625
-813.0564575195312
-840.18603515625
-734.8536376953125
-1056.9183349609375
-845.4967041015625
-874.8009643554688
-906.1824340820312
-803.44775390625
-878.9046020507812
-702.2371215820312
-641.4801025390625
-765.5518188476562
-792.1176147460938
-788.0851440429688
-903.537109375
-888.5675659179688
-774.4557495117188
-779.8456420898438
-711.11865234375
-731.7219848632812
-843.1034545898438
-770.0036010742188
-1080.4344482421875
-944.6055908203125
-794.5599975585938
-838.9576416015625
-913.0595092773438
-984.5165405273438
-960.23388671875
-892.2692260742188
-958.9141845703125
-976.4658203125
-951.2493286132812
-930.9965209960938
-917.9299926757812
-857.64697265625
-852.1256103515625
-922.2258911132812
-893.6015625
-971.2730712890625
-913.4105834960938
-866.03125
-964.0131225585938
-822.5687866210938
-875.72216796875
-955.9733276367188
-876.8898315429688
-904.7219848632812
-912.8399658203125
-829.1148681640625
-784.1224975585938
-976.9457397460938
-775.4208374023438
-906.2230834960938
-910.4752197265625
-814.4757080078125
-842.0846557617188
-850.7236328125
-872.30322265625
-912.4793090820312
-855.4991455078125
-967.3432006835938
-833.8655395507812
-947.2987670898438
-889.4827270507812
-911.4342041015625
-856.966796875
-874.7197265625
-797.618408203125
-856.89990234375
-869.14697265625
-790.3407592773438
-787.3439331054688
-867.7973022460938
-846.5592041015625
-865.4310913085938
-819.71240234375
-925.2164306640625
-758.5906982421875
-880.205078125
-801.6897583007812
-819.5303955078125
-811.1105346679688
-762.7696533203125
-718.9857177734375
-821.1529541015625
-601.8912963867188
-819.7092895507812
-582.1282958984375
-694.644775390625
-584.3361206054688
-654.7389526367188
-647.4205322265625
-684.1076049804688
-623.1602783203125
-681.8937377929688
-593.7713012695312
-663.4351806640625
-603.7526245117188
-676.2501831054688
-573.5097045898438
-657.3152465820312
-617.8764038085938
-560.33056640625
-607.5704956054688
-618.456298828125
-640.298095703125
-609.6773071289062
-620.64697265625
-620.7333374023438
-546.896484375
-586.3837280273438
-570.3825073242188
-575.0267944335938
-547.10302734375
-576.4835815429688
-525.7882080078125
-613.4061889648438
-518.8154296875
-557.0806884765625
-621.447265625
-570.2675170898438
-563.3090209960938
-617.3406372070312
-549.93212890625
-601.6588745117188
-499.1393737792969
-533.8510131835938
-556.57568359375
-567.5512084960938
-578.67822265625
-542.6889038085938
-603.2730102539062
-519.5254516601562
-586.7678833007812
-543.7055053710938
-578.1121215820312
-514.3589477539062
-519.4352416992188
-551.7197265625
-479.35205078125
-522.6004638671875
-464.808837890625
-487.0387878417969
-465.31396484375
-476.293212890625
-473.5863342285156
-472.3400573730469
-502.6611328125
-446.6208190917969
-524.0037231445312
-433.8273010253906
-490.5103454589844
-487.3910217285156
-479.0665588378906
-472.40771484375
-459.1883239746094
-451.3085632324219
-488.6904296875
-581.7589111328125
-423.11114501953125
-545.6796875
-463.20953369140625
-510.4805603027344
-438.1299743652344
-514.50537109375
-448.37677001953125
-517.2018432617188
-546.1570434570312
-491.0859375
-615.4552612304688
-481.80694580078125
-622.5516967773438
-525.8025512695312
-626.2752075195312
-566.4588012695312
-543.0012817382812
-558.433837890625
-537.0528564453125
-531.4559936523438
-579.34619140625
-544.1761474609375
-575.9474487304688
-459.8321228027344
-595.1103515625
-526.0228881835938
-577.5494995117188
-522.9950561523438
-546.7947387695312
-618.4248657226562
-595.0570678710938
-617.4996948242188
-540.672119140625
-661.6094970703125
-608.2897338867188
-598.7360229492188
-561.7977905273438
-546.7763671875
-521.7491455078125
-512.8703002929688
-561.5794067382812
-547.9491577148438
-567.0121459960938
-500.06396484375
-523.8363647460938
-455.2054748535156
-496.3895568847656
-497.60546875
-436.8307800292969
-487.9025573730469
-462.7978515625
-535.1932983398438
-543.1154174804688
-442.4914245605469
-541.0816040039062
-444.58135986328125
-537.6171264648438
-502.05059814453125
-522.1813354492188
-476.5054626464844
-533.7246704101562
-487.47467041015625
-585.6262817382812
-512.7584838867188
-566.752197265625
-542.4457397460938
-523.2138061523438
-566.5502319335938
-603.6829833984375
-594.2401733398438
-536.2033081054688
-525.9334106445312
-495.7548522949219
-526.6264038085938
-525.0831909179688
-595.0640258789062
-519.8984375
-540.5094604492188
-581.5787963867188
-577.2911376953125
-500.2020568847656
-559.3568115234375
-491.4624938964844
-573.6646728515625
-451.6285095214844
-605.7843017578125
-481.86212158203125
-596.2081909179688
-487.42388916015625
-596.3338623046875
-513.9664306640625
-545.3203125
-572.5682983398438
-521.0995483398438
-480.91015625
-530.71630859375
-519.0923461914062
-567.6946411132812
-426.3600769042969
-562.8942260742188
-498.2033386230469
-599.3981323242188
-518.3602905273438
-557.4190063476562
-561.3717651367188
-521.1861572265625
-508.412109375
-487.39288330078125
-572.0473022460938
-502.4572448730469
-482.7666931152344
-522.5188598632812
-445.2650451660156
-510.2248229980469
-458.89404296875
-485.7137756347656
-432.35107421875
-487.58111572265625
-451.42413330078125
-494.37451171875
-421.2159118652344
-491.7110290527344
-434.3464050292969
-468.7530212402344
-456.8678283691406
-486.8047790527344
-485.17236328125
-499.5109558105469
-485.310791015625
-543.4329223632812
-551.1782836914062
-513.1588745117188
-509.71612548828125
-534.1351928710938
-572.6281127929688
-504.65484619140625
-587.9271850585938
-487.42462158203125
-552.0227661132812
-536.8570556640625
-554.2616577148438
-578.8700561523438
-605.0374755859375
-584.4335327148438
-513.4191284179688
-582.689453125
-497.71044921875
-598.8837280273438
-517.4935302734375
-600.4381713867188
-500.8517761230469
-562.75048828125
-524.9407348632812
-593.93798828125
-450.9033203125
-527.7861938476562
-501.08111572265625
-538.0885009765625
-556.6542358398438
-505.18603515625
-594.2616577148438
-525.1804809570312
-620.1629028320312
-548.4519653320312
-561.3114624023438
-601.8588256835938
-531.823486328125
-550.0900268554688
-580.758056640625
-555.3414306640625
-510.4767761230469
-508.0477600097656
-556.4088134765625
-531.9340209960938
-535.6151733398438
-518.6052856445312
-495.2176818847656
-511.5502014160156
-491.47515869140625
-541.536376953125
-488.3612365722656
-518.6875
-455.9300842285156
-526.6769409179688
-477.28857421875
-516.693603515625
-465.5337829589844
-509.5013732910156
-503.4494323730469
-545.049560546875
-509.2531433105469
-543.1116333007812
-486.86871337890625
-515.8975830078125
-455.27008056640625
-543.02294921875
-464.73394775390625
-558.64990234375
-475.3095703125
-530.7916870117188
-524.24267578125
-508.93756103515625
-546.736572265625
-543.89794921875
-454.45147705078125
-518.29541015625
-463.3055725097656
-510.8002624511719
-499.3350524902344
-470.79840087890625
-518.2767944335938
-478.32666015625
-473.032958984375
-428.54229736328125
-488.7787170410156
-435.0434265136719
-466.6027526855469
-441.8583068847656
-503.8374938964844
-426.0290222167969
-484.0059509277344
-472.087890625
-503.1883239746094
-437.4941101074219
-496.1733093261719
-489.98974609375
-464.3815612792969
-501.1688537597656
-478.2222595214844
-462.0964050292969
-528.5599975585938
-449.8951110839844
-517.828125
-476.8446960449219
-423.3859558105469
-529.0159301757812
-495.3548278808594
-587.8889770507812
-499.8656311035156
-568.7019653320312
-576.6356811523438
-542.3857421875
-542.0054931640625
-495.6605529785156
-569.720947265625
-555.7872924804688
-594.40380859375
-519.5687255859375
-550.9239501953125
-516.477294921875
-555.5480346679688
-531.2467651367188
-544.2753295898438
-566.6041870117188
-489.1634826660156
-546.7467041015625
-537.0834350585938
-561.4927978515625
-608.95703125
-552.0147705078125
-595.6954956054688
-588.927001953125
-653.9457397460938
-542.397216796875
-551.8433227539062
-570.1622314453125
-576.2061157226562
-598.7442626953125
-557.0223388671875
-496.72174072265625
-531.5253295898438
-485.059814453125
-516.4549560546875
-501.1776428222656
-572.9819946289062
-534.2849731445312
-577.2972412109375
-585.4739990234375
-505.8934631347656
-525.619140625
-536.4879760742188
-590.9619750976562
-541.6412963867188
-570.4458618164062
-514.4747924804688
-565.7946166992188
-535.9678955078125
-562.6122436523438
-501.8423767089844
-580.0253295898438
-458.154541015625
-509.8501892089844
-513.8241577148438
-535.65966796875
-571.2662963867188
-596.5108032226562
-569.084716796875
-557.51123046875
-551.6229858398438
-556.9435424804688
-552.5067749023438
-515.109375
-587.8787231445312
-538.7236328125
-585.3302612304688
-540.367431640625
-532.3435668945312
-569.2360229492188
-497.9677429199219
-571.2933959960938
-530.2085571289062
-550.0355224609375
-501.8810119628906
-520.4838256835938
-514.7144165039062
-542.02587890625
-480.998291015625
-518.1480712890625
-546.24755859375
-474.4969177246094
-547.7156372070312
-485.54669189453125
-518.8668823242188
-501.6412048339844
-522.8880004882812
-514.3245239257812
-545.2842407226562
-518.2738647460938
-491.3567810058594
-527.9982299804688
-567.9389038085938
-524.4099731445312
-533.2013549804688
-482.2311706542969
-556.8603515625
-570.5904541015625
-555.0776977539062
-533.9370727539062
-509.1271667480469
-529.6181030273438
-513.5211791992188
-438.60577392578125
-507.69775390625
-501.83941650390625
-469.97662353515625
-564.5286254882812
-454.5816955566406
-538.5352783203125
-485.2787780761719
-514.2076416015625
-498.8045959472656
-534.0765380859375
-496.4923400878906
-573.0248413085938
-495.33721923828125
-553.4126586914062
-526.6181030273438
-511.9800720214844
-546.1598510742188
-562.8374633789062
-511.5372009277344
-520.4891967773438
-549.3515625
-576.2080688476562
-533.7721557617188
-593.2945556640625
-509.41656494140625
-527.6937866210938
-535.2693481445312
-556.5897827148438
-558.7106323242188
-576.7709350585938
-593.84375
-580.521484375
-601.2435302734375
-619.7073364257812
-555.68994140625
-569.7552490234375
-538.72314453125
-509.3545837402344
-517.9080200195312
-541.3989868164062
-494.2926940917969
-540.1246948242188
-484.1831970214844
-530.2654418945312
-507.7057189941406
-575.0279541015625
-540.29833984375
-532.588134765625
-549.9505615234375
-549.1680908203125
-502.6381530761719
-525.4876708984375
-531.6563720703125
-587.57958984375
-529.9805908203125
-536.1043090820312
-547.6849365234375
-562.5783081054688
-519.6813354492188
-541.3895874023438
-531.8617553710938
-561.2937622070312
-571.9179077148438
-585.6627197265625
-596.6970825195312
-600.2374877929688
-570.9324951171875
-571.38134765625
-569.4136962890625
-595.8675537109375
-583.6674194335938
-607.1503295898438
-595.6881713867188
-551.3290405273438
-588.2942504882812
-510.42315673828125
-558.8529663085938
-521.60107421875
-542.89306640625
-485.5279235839844
-541.1360473632812
-566.9567260742188
-562.5950927734375
-536.9673461914062
-546.1473999023438
-586.1701049804688
-597.0750122070312
-564.6973266601562
-587.6766967773438
-541.302490234375
-535.832275390625
-566.7421875
-455.7443542480469
-530.3134155273438
-520.2218627929688
-551.3563842773438
-511.5757751464844
-511.7861328125
-533.4926147460938
-531.4722900390625
-571.7460327148438
-551.8698120117188
-545.2355346679688
-511.2413635253906
-538.8504028320312
-543.7068481445312
-560.431640625
-510.8337097167969
-545.9730834960938
-477.538330078125
-510.6213073730469
-507.1285095214844
-557.4176635742188
-507.4279479980469
-535.6475219726562
-537.9570922851562
-549.4107666015625
-619.2883911132812
-591.103515625
-600.38916015625
-576.1272583007812
-549.1098022460938
-545.9677124023438
-543.9691772460938
-540.7510375976562
-495.6363220214844
-528.2657470703125
-505.6622009277344
-566.1408081054688
-613.54443359375
-562.9904174804688
-569.0476684570312
-526.9657592773438
-522.4952392578125
-564.9605102539062
-526.3982543945312
-633.2969970703125
-592.3234252929688
-565.482666015625
-583.80810546875
-534.7201538085938
-548.2147827148438
-555.1948852539062
-525.7898559570312
-569.1497192382812
-539.6143798828125
