0.04875959288328886
0.04852760694921017
0.043626878224313256
0.035009087435901164
0.027552424091845752
0.020605379808694126
0.01730784000828862
0.01599531709216535
0.015220782347023487
0.014741453994065522
0.014398647751659156
0.014134661899879575
0.01396119212731719
0.013764673098921775
0.013663182314485312
0.013529955316334963
0.013424069574102759
0.013267744146287442
0.013223345298320055
0.01304896166548133
0.01289622625336051
0.012818190595135092
0.012663024943321943
0.012617555120959878
0.01249113567173481
0.012365379184484483
0.012294595316052436
0.012237148219719529
0.012125887628644704
0.011963302409276367
0.01187617052346468
0.011787392059341073
0.011714870482683182
0.011555611714720726
0.011528883827850223
0.011428867978975178
0.011300882836803795
0.011195141915231943
0.011088666832074523
0.01101679466664791
0.010870947130024433
0.010765822697430849
0.010727996053174139
0.01056540459394455
0.010454193502664567
0.01044796141795814
0.010271442402154208
0.010167568549513816
0.010080424649640918
0.009953610319644212
0.009847912332043051
0.009727447386831045
0.009654704807326197
0.009527830546721816
0.009381290851160884
0.009412093693390489
0.009245366556569934
0.009083366254344583
0.008998083462938667
0.008973972732201218
0.008885599346831441
0.008839803468436002
0.008650808758102358
0.008590257517062128
0.008536719297990204
0.008463579858653248
0.008413087320514023
0.00837778898421675
0.008274354366585612
0.008250470669008792
0.00816465199459344
0.008090734085999429
0.008044348866678774
0.007996486895717681
0.0079715880099684
0.007949190447106957
0.00794175488408655
0.007847027713432908
0.007887210068292915
0.007795711560174823
0.0077373174019157885
0.007738640741445124
0.007682259893044829
0.007661131909117103
0.007645656634122133
0.007660341355949641
0.007639622665010393
0.007568746781907975
0.0075406422140076755
0.007529570301994681
0.007488105399534106
0.007516523171216249
0.007491009449586273
0.007491616508923471
0.00742784512694925
0.0074221767019480465
0.007448083534836769
0.00742238899692893
0.007381443749181926
0.0073609039653092624
0.007339032553136349
0.0073335916502401234
0.00737845147959888
0.007353769452311099
0.007327500311657786
0.007303461804986
0.007289547007530928
0.007264501741155982
0.0072430352913215755
0.007266877824440599
0.007263044849969447
0.007215356430970132
0.007206352474167943
0.00721357106231153
0.00720360369887203
0.007171879545785487
0.007165533397346735
0.007125958427786827
0.0071230715373530986
0.007113208528608084
0.007141515286639333
0.007115838350728154
0.007102176756598055
0.007074307184666395
0.007087190635502338
0.0070811858866363766
0.007055637217126787
0.007051111757755279
0.007033799402415752
0.007043836149387061
0.007025592564605177
0.007018165523186326
0.006999841355718672
0.006994394352659583
0.006975390017032623
0.006987879704684019
0.007009126571938395
0.0069532900815829635
0.006949214544147253
0.006967296870425343
0.006954230228438973
0.0069243016885593535
0.0069204360945150254
0.0069273560075089335
0.006906723487190902
0.0069006378529593345
0.006910980050452054
0.006892931251786649
0.00687901305500418
0.006861319579184055
0.006875956547446549
0.006853571999818087
0.006852254318073392
0.006840093596838415
0.006851958762854338
0.0068354441318660975
0.006838446296751499
0.0068685466889292
0.006829715357162059
0.0068343548569828275
0.006809428264386952
0.0067973884521052245
0.006767859379760921
0.006781909335404635
0.006806902261450887
0.006762447068467736
0.00674828514456749
0.006735477223992347
0.0067362298490479585
0.0067700276151299475
0.006763863121159374
0.006740557565353811
0.00674962243065238
0.006710426602512598
0.0066898335237056015
0.006685049273073673
0.006686367327347398
0.006718146102502942
0.006682498729787767
0.006678244285285473
0.006669117393903435
0.006657518725842237
0.006659549311734736
0.006651519355364144
0.006642402894794941
0.006627389998175204
0.006637490703724325
0.00665499058086425
0.006655289931222797
0.006621894938871264
0.006621422758325934
0.006598340137861669
0.00660950499586761
0.006611577584408224
0.0066205115057528015
0.006586544238962233
0.006573837460018694
0.006601988431066274
0.00657542075496167
0.00656744153238833
0.006553493277169764
0.006570672360248863
0.006554340245202184
0.006549640768207609
0.006562411761842668
0.006550554884597659
0.0065437832847237585
0.006540871504694223
0.006545714638195932
0.006553915003314615
0.006514223548583687
0.006529592303559184
0.006533812941052019
0.006511334772221744
0.006517591117881238
0.006510499538853765
0.006502044387161732
0.006522827921435237
0.006498650554567576
0.006499664555303752
0.006523776613175869
0.0065079511841759086
0.006489073275588453
0.006492390134371817
0.006504681729711592
0.006535694329068064
0.006491465633735061
0.006471616472117603
0.006461180513724685
0.006457692966796458
0.006459340546280145
0.006446050736121834
0.0064637075876817105
0.006442413269542158
0.006453366973437369
0.006442146166227758
0.006448405585251749
0.006435441202484071
0.006428866344504058
0.006437208666466176
0.006425111112184823
0.006421310803852975
0.006420737272128463
0.006416384503245354
0.006404973124153912
0.006423660623840988
0.006405693991109729
0.006419873866252601
0.006409019883722067
0.0064151511993259195
0.0064167826203629375
0.006400403962470591
0.006393865472637117
0.006393978209234774
0.006390463421121239
0.006378841586410999
0.006384291127324105
0.006393730267882347
0.0063736520940437915
0.006381591502577067
0.0063709257636219265
0.00640890714712441
0.006364270043559372
0.0063630111515522005
0.006372560514137149
0.006392790353856981
0.00637197638861835
0.006360084051266313
0.006355745857581497
0.006350691360421479
0.0063664969522506
0.006365302787162364
0.006343782902695239
0.006347748637199402
0.006343530328013003
0.0063419584184885025
0.00632510744035244
0.006359378411434591
0.0063523089746013285
0.00632294355891645
0.0063349649310112
0.006344319973140955
0.006351866782642901
0.006325067905709148
0.006307423464022577
0.006332130567170679
0.006325488351285458
0.0063104535918682815
0.006322796293534339
0.0063099643914029
0.006312114489264786
0.006329694460146129
0.006335046980530024
0.006315560289658606
0.006296466803178191
0.006301420065574348
0.006289872783236205
0.006303464551456273
0.006301202881149948
0.006279219384305179
